f [MHz]	U [dBuV]
800,0	92,8607358932495
802,0	117,804902076721
804,0	117,935198783875
806,0	118,018652915955
808,0	118,03161907196
810,0	117,999373435974
812,0	117,886346817017
814,0	117,917086601257
816,0	117,939723968506
818,0	117,940605163574
820,0	117,934115409851
822,0	117,914441108704
824,0	117,924383163452
826,0	117,919781684875
828,0	117,907527923584
830,0	117,899968147278
832,0	117,909441947937
834,0	118,001152038574
836,0	117,988813400269
838,0	117,919998168945
840,0	117,984323501587
842,0	117,947034835815
844,0	117,956698417664
846,0	117,941301345825
848,0	117,938977241516
850,0	117,9514503479
852,0	118,004579544067
854,0	118,011484146118
856,0	117,975377082825
858,0	117,955641746521
860,0	118,011232376099
862,0	118,085712432861
864,0	118,084844589233
866,0	118,07195854187
868,0	118,065253257751
870,0	118,116954803467
872,0	118,139691352844
874,0	118,115231513977
876,0	118,130096435547
878,0	118,111356735229
880,0	118,15811920166
882,0	118,147760391235
884,0	118,125668525696
886,0	118,114087104797
888,0	118,144600868225
890,0	118,154558181763
892,0	118,081060409546
894,0	118,068078041077
896,0	118,077963829041
898,0	118,109424591064
900,0	118,133551597595
902,0	118,112319946289
904,0	118,089809417725
906,0	118,111595153809
908,0	118,131807327271
910,0	118,137496948242
912,0	118,071623802185
914,0	118,04040145874
916,0	118,08752822876
918,0	118,13334941864
920,0	118,158348083496
922,0	118,125920295715
924,0	118,102926254272
926,0	118,125094413757
928,0	118,148846626282
930,0	118,144455909729
932,0	118,085063934326
934,0	118,102242469788
936,0	118,125354766846
938,0	118,160357475281
940,0	118,138638496399
942,0	118,138833999634
944,0	118,195737838745
946,0	118,184418678284
948,0	118,089990615845
950,0	118,121812820435
952,0	118,085054397583
954,0	118,194128036499
956,0	118,178922653198
958,0	118,056453704834
960,0	118,026530265808
962,0	118,096937179565
964,0	118,114132881165
966,0	118,106546401978
968,0	118,05331325531
970,0	118,041431427002
972,0	118,07947063446
974,0	118,076964378357
976,0	118,050709724426
978,0	118,033939361572
980,0	118,035248756409
982,0	118,048418998718
984,0	118,053093910217
986,0	118,020567893982
988,0	118,011512756348
990,0	118,081285476685
992,0	118,074438095093
994,0	118,050721168518
996,0	117,973867416382
998,0	117,986128807068
1000,0	118,009440422058
1010,0	117,976807594299
1020,0	117,942037582397
1030,0	117,934866905212
1040,0	117,951530456543
1050,0	117,902567863464
1060,0	117,864876747131
1070,0	117,796887397766
1080,0	117,771132469177
1090,0	117,783136367798
1100,0	117,770924568176
1110,0	117,744316101074
1120,0	117,71094417572
1130,0	117,712093353271
1140,0	117,481962203979
1150,0	117,519307136536
1160,0	117,608832359314
1170,0	117,590844154358
1180,0	117,545205116272
1190,0	117,562458992004
1200,0	117,582653999329
1210,0	117,575148582459
1220,0	117,563212394714
1230,0	117,573967933655
1240,0	117,552537918091
1250,0	117,563452720642
1260,0	117,535422325134
1270,0	117,4895362854
1280,0	117,487982749939
1290,0	117,555228233337
1300,0	117,55518913269
1310,0	117,557214736938
1320,0	117,545639038086
1330,0	117,533305168152
1340,0	117,511996269226
1350,0	117,492488861084
1360,0	117,490079879761
1370,0	117,407319068909
1380,0	117,458132743835
1390,0	117,467761039734
1400,0	117,446607589722
1410,0	117,490572929382
1420,0	117,507942199707
1430,0	117,435338973999
1440,0	117,425287246704
1450,0	117,394985198975
1460,0	117,336223602295
1470,0	117,336707115173
1480,0	117,438419342041
1490,0	117,313466072083
1500,0	117,322379112244
1510,0	117,331076622009
1520,0	117,359810829163
1530,0	117,30878162384
1540,0	117,339304924011
1550,0	117,330262184143
1560,0	117,242678642273
1570,0	117,205646514893
1580,0	117,210027694702
1590,0	117,169519424438
1600,0	117,129158973694
1610,0	117,185236930847
1620,0	117,163710594177
1630,0	117,11293888092
1640,0	117,120590209961
1650,0	117,134634017944
1660,0	117,06623840332
1670,0	117,025280952454
1680,0	117,05401134491
1690,0	116,958657264709
1700,0	116,941349983215
1710,0	116,979591369629
1720,0	117,063029289246
1730,0	116,975221633911
1740,0	116,948742866516
1750,0	116,923450469971
1760,0	116,944644927979
1770,0	116,97727394104
1780,0	116,955646514893
1790,0	116,92767906189
1800,0	116,927099227905
1810,0	116,880166053772
1820,0	116,783148765564
1830,0	116,820772171021
1840,0	116,78746509552
1850,0	116,766427993774
1860,0	116,780530929565
1870,0	116,819845199585
1880,0	116,763145446777
1890,0	116,780648231506
1900,0	116,805960655212
1910,0	116,785319328308
1920,0	116,768537521362
1930,0	116,665500640869
1940,0	116,501900672913
1950,0	116,42794418335
1960,0	116,543621063232
1970,0	116,585318565369
1980,0	116,496167182922
1990,0	116,530730247498
2000,0	116,548289299011
2010,0	116,498882293701
2020,0	116,593561172485
2030,0	116,582046508789
2040,0	116,566701889038
2050,0	116,519871711731
2060,0	116,488473892212
2070,0	116,477516174316
2080,0	116,408592224121
2090,0	116,402795791626
2100,0	116,336854934692
2110,0	116,285048484802
2120,0	116,241166114807
2130,0	116,219791412354
2140,0	116,211555480957
2150,0	116,149967193604
2160,0	116,205715179443
2170,0	116,25731754303
2180,0	116,163806915283
2190,0	116,253478050232
2200,0	116,296597480774
2210,0	116,261868476868
2220,0	116,316721916199
2230,0	116,316953659058
2240,0	116,304803848267
2250,0	116,259375572205
2260,0	116,254217147827
2270,0	116,2760887146
2280,0	116,076704025269
2290,0	116,037194252014
2300,0	115,901263237
2310,0	115,884834289551
2320,0	115,83970451355
2330,0	115,880979537964
2340,0	115,956473350525
2350,0	115,965208053589
2360,0	115,903338432312
2370,0	115,929869651794
2380,0	115,931890487671
2390,0	115,952717781067
2400,0	115,982242584229
2410,0	115,985464096069
2420,0	116,062710762024
2430,0	115,978928565979
2440,0	115,996835708618
2450,0	115,957595825195
2460,0	115,969735145569
2470,0	115,936505317688
2480,0	115,915484428406
2490,0	115,928599357605
2500,0	115,880784988403
2510,0	115,894691467285
2520,0	115,778349876404
2530,0	115,645084381104
2540,0	115,665728569031
2550,0	115,659471511841
2560,0	115,624128341675
2570,0	115,669298171997
2580,0	115,594017982483
2590,0	115,618703842163
2600,0	115,626272201538
2610,0	115,581671714783
2620,0	115,605302810669
2630,0	115,579946517944
2640,0	115,583433151245
2650,0	115,617378234863
2660,0	115,615918159485
2670,0	115,543743133545
2680,0	115,525660514832
2690,0	115,541958808899
2700,0	115,485976219177
2710,0	115,485911369324
2720,0	115,413140296936
2730,0	115,299825668335
2740,0	115,28155708313
2750,0	115,229027748108
2760,0	115,234091758728
2770,0	115,163930892944
2780,0	115,119087219238
2790,0	115,160384178162
2800,0	115,144229888916
2810,0	115,154260635376
2820,0	115,203556060791
2830,0	115,169560432434
2840,0	115,239822387695
2850,0	115,241560935974
2860,0	115,275156974792
2870,0	115,337391853333
2880,0	115,284330368042
2890,0	115,262361526489
2900,0	115,307043075562
2910,0	115,295272827148
2920,0	115,298340797424
2930,0	115,284859657288
2940,0	115,171339988709
2950,0	115,07811164856
2960,0	115,067447662354
2970,0	115,070341110229
2980,0	114,987507343292
2990,0	114,949242115021
3000,0	114,894047737122
3050,0	114,858949661255
3100,0	114,876084327698
3150,0	114,533357143402
3200,0	114,161967277527
3250,0	114,004982948303
3300,0	114,234805583954
3350,0	114,039677619934
3400,0	113,839797973633
3450,0	113,701018810272
3500,0	113,768268108368
3550,0	113,785399436951
3600,0	114,284620285034
3650,0	113,950037002563
3700,0	113,064431190491
3750,0	112,707800865173
3800,0	113,227006912231
3850,0	112,909441947937
3900,0	112,291845798492
3950,0	112,06673002243
4000,0	112,67986869812
4050,0	112,652933120728
4100,0	112,311018943787
4150,0	113,092916965485
4200,0	112,881251811981
4250,0	113,126764297485
4300,0	112,688069820404
4350,0	113,114819526672
4400,0	113,434822559357
4450,0	113,234207630157
4500,0	113,280099868774
4550,0	113,421740531921
4600,0	113,492585659027
4650,0	112,751287460327
4700,0	112,743050098419
4750,0	112,766240119934
4800,0	112,932013988495
4850,0	113,148359775543
4900,0	113,027542591095
4950,0	113,016279697418
5000,0	112,198570251465
5050,0	112,039714336395
5100,0	112,313625335693
5150,0	111,75207567215
5200,0	111,747648239136
5250,0	111,609188556671
5300,0	111,930386543274
5350,0	111,490763187408
5400,0	111,15795135498
5450,0	111,060399055481
5500,0	111,619943141937
5550,0	111,29370880127
5600,0	110,711807012558
5650,0	111,051128387451
5700,0	111,556674480438
5750,0	111,050642490387
5800,0	111,328701019287
5850,0	111,44281578064
5900,0	111,242030143738
5950,0	111,15010881424
6000,0	111,192082881927
6050,0	111,338723659515
6100,0	111,32040643692
6150,0	110,946068763733
6200,0	110,929315567017
6250,0	111,27524471283
6300,0	111,033512115479
6350,0	110,624177217484
6400,0	111,31494140625
6450,0	111,283855438232
6500,0	110,751770734787
6550,0	110,711045742035
6600,0	110,88138461113
6650,0	111,205170154572
6700,0	110,691430091858
6750,0	110,162429094315
6800,0	110,837505817413
6850,0	110,339690685272
6900,0	109,813019514084
6950,0	109,331787824631
7000,0	109,672461032867
7050,0	109,357825279236
7100,0	109,01456451416
7150,0	108,981235265732
7200,0	109,163499116898
7250,0	108,889527916908
7300,0	108,216193318367
7350,0	108,585618853569
7400,0	108,465644598007
7450,0	107,993271887302
7500,0	107,327332317829
7550,0	108,061384439468
7600,0	107,939119100571
7650,0	107,721080958843
7700,0	107,514247059822
7750,0	107,360231310129
7800,0	107,683254241943
7850,0	107,271707445383
7900,0	107,251464813948
7950,0	107,412457227707
8000,0	107,636616587639
8050,0	106,748432338238
8100,0	107,004559862427
8150,0	107,795027494431
8200,0	107,086563780904
8250,0	106,654706120491
8300,0	106,860879451036
8350,0	106,995414948091
8400,0	107,19369533658
8450,0	106,583331227303
8500,0	106,285149693489
8550,0	106,699480056763
8600,0	106,256150364876
8650,0	105,357509016991
8700,0	105,931304454803
8750,0	106,618680119514
8800,0	106,045385360718
8850,0	105,570318341255
8900,0	106,121571540833
8950,0	106,35653501749
9000,0	105,658082842827
9050,0	105,231388568878
9100,0	105,786189556122
9150,0	105,563924789429
9200,0	104,759478330612
9250,0	104,675351142883
9300,0	105,308946490288
9350,0	105,213005423546
9400,0	104,197555780411
9450,0	104,696130275726
9500,0	104,601910591125
9550,0	104,968165874481
9600,0	103,799256801605
9650,0	104,032905340195
9700,0	105,331127047539
9750,0	105,585927009583
9800,0	104,636855602264
9850,0	104,80403470993
9900,0	105,487078547478
9950,0	105,465512037277
10000,0	104,072186470032
10050,0	104,86706829071
10100,0	105,544637560844
10150,0	104,898952722549
10200,0	104,565010786057
10250,0	105,005977630615
10300,0	105,824415683746
10350,0	104,973991632462
10400,0	104,689403057098
10450,0	105,079001665115
10500,0	105,288553237915
10550,0	105,08685541153
10600,0	104,421409368515
10650,0	104,907296419144
10700,0	104,961692333221
10750,0	104,419749259949
10800,0	104,148221731186
10850,0	104,605143070221
10900,0	104,414526462555
10950,0	104,110897541046
11000,0	103,955295562744
11050,0	104,617808103561
11100,0	104,27409863472
11150,0	103,766833305359
11200,0	103,872574806213
11250,0	104,214097738266
11300,0	103,910885334015
11350,0	103,273358821869
11400,0	103,22727227211
11450,0	104,051633834839
11500,0	102,897514820099
11550,0	103,27149271965
11600,0	102,98503780365
11650,0	103,990055322647
11700,0	103,576256513596
11750,0	103,027031898499
11800,0	103,496531009674
11850,0	103,693832159042
11900,0	102,623416900635
11950,0	101,937530040741
12000,0	102,675781726837
12050,0	103,527442216873
12100,0	102,132301330566
12150,0	101,853882789612
12200,0	102,466489315033
12250,0	102,769515514374
12300,0	102,191023349762
12350,0	101,7446641922
12400,0	102,148082733154
12450,0	102,442841053009
12500,0	101,358038902283
12550,0	101,148167610168
12600,0	101,532568454742
12650,0	101,625396728516
12700,0	100,60987663269
12750,0	100,308234214783
12800,0	100,965841293335
12850,0	100,94255065918
12900,0	100,029285907745
12950,0	100,770729541779
13000,0	101,283834457397
13050,0	100,771839141846
13100,0	100,186347484589
13150,0	100,16126871109
13200,0	100,301814556122
13250,0	99,5038232803345
13300,0	99,3608808517456
13350,0	99,8211007118225
13400,0	99,9310259819031
13450,0	100,088327407837
13500,0	99,7119555473328
13550,0	99,5499234199524
13600,0	100,213688850403
13650,0	99,1952300071716
13700,0	98,5965261459351
13750,0	99,5447063446045
13800,0	99,1539931297302
13850,0	99,0209646224976
13900,0	98,2735805511475
13950,0	99,8961744308472
14000,0	98,7434759140015
14050,0	98,6384963989258
14100,0	99,0588436126709
14150,0	99,1597566604614
14200,0	99,3161191940308
14250,0	98,1575212478638
14300,0	98,775053024292
14350,0	99,2292618751526
14400,0	98,2408590316772
14450,0	97,9396715164185
14500,0	97,7543182373047
14550,0	98,5522012710571
14600,0	98,1236963272095
14650,0	97,3826751708984
14700,0	98,1294555664063
14750,0	98,9927854537964
14800,0	97,9603643417358
14850,0	97,4000339508057
14900,0	96,8085289001465
14950,0	98,5496912002563
15000,0	96,9652910232544
15050,0	96,6800355911255
15100,0	97,6226968765259
15150,0	97,3525686264038
15200,0	96,8914546966553
15250,0	96,4020862579346
15300,0	97,2605228424072
15350,0	97,1876983642578
15400,0	96,328314781189
15450,0	96,2618789672852
15500,0	96,9585447311401
15550,0	97,1819581985474
15600,0	96,3218727111816
15650,0	96,236780166626
15700,0	97,2693586349487
15750,0	96,4065456390381
15800,0	95,8655786514282
15850,0	96,3685550689697
15900,0	96,6286067962646
15950,0	95,9146699905396
16000,0	95,1798963546753
16050,0	96,0921354293823
16100,0	96,3976192474365
16150,0	95,0124673843384
16200,0	95,1315135955811
16250,0	95,8506736755371
16300,0	95,8236999511719
16350,0	95,0058498382568
16400,0	94,8420553207397
16450,0	95,8399963378906
16500,0	95,357551574707
16550,0	94,2972679138184
16600,0	94,4087142944336
16650,0	94,3780450820923
16700,0	94,7841491699219
16750,0	93,686484336853
16800,0	93,9490461349487
16850,0	95,1203098297119
16900,0	94,2015523910522
16950,0	94,2931356430054
17000,0	94,0465745925903
17050,0	95,1759328842163
17100,0	94,3256101608276
17150,0	94,4718933105469
17200,0	94,5562210083008
17250,0	95,0613403320313
17300,0	93,7285003662109
17350,0	93,3965196609497
17400,0	93,9631509780884
17450,0	94,2772722244263
17500,0	93,8203325271606
17550,0	93,1315650939941
17600,0	94,2548599243164
17650,0	93,9470643997192
17700,0	93,0719957351685
17750,0	92,4171714782715
17800,0	92,6028308868408
17850,0	92,7528619766235
17900,0	91,6163234710693
17950,0	92,1989164352417
18000,0	93,5418977737427
