f [MHz]	U [dBuV]
800,0	93,6710805892944
802,0	115,569616317749
804,0	115,68892288208
806,0	115,928606033325
808,0	115,772442817688
810,0	115,384731292725
812,0	115,212472915649
814,0	115,373547554016
816,0	115,35874080658
818,0	115,143716812134
820,0	115,062231063843
822,0	115,174078941345
824,0	115,249248504639
826,0	115,273659706116
828,0	115,38862323761
830,0	115,540597915649
832,0	115,593886375427
834,0	115,701870918274
836,0	115,83717918396
838,0	115,92156791687
840,0	116,081080436707
842,0	116,109183311462
844,0	116,243650436401
846,0	116,302542686462
848,0	116,313123703003
850,0	116,437150001526
852,0	116,671912193298
854,0	116,772914886475
856,0	116,73290348053
858,0	116,770542144775
860,0	116,999614715576
862,0	117,198199272156
864,0	117,213072776794
866,0	117,202423095703
868,0	117,344447135925
870,0	117,524983406067
872,0	117,573147773743
874,0	117,589372634888
876,0	117,761865615845
878,0	117,839044570923
880,0	117,858183860779
882,0	117,867277145386
884,0	118,000017166138
886,0	118,125022888184
888,0	118,072240829468
890,0	117,998753547668
892,0	118,030786514282
894,0	118,175374984741
896,0	118,136875152588
898,0	118,047903060913
900,0	118,167481422424
902,0	118,310950279236
904,0	118,277661323547
906,0	118,198475837708
908,0	118,320137023926
910,0	118,574149131775
912,0	118,570422172546
914,0	118,398309707642
916,0	118,39783000946
918,0	118,69727230072
920,0	118,882517814636
922,0	118,758624076843
924,0	118,615934371948
926,0	118,768905639648
928,0	118,986842155457
930,0	118,977149009705
932,0	118,800568580627
934,0	118,866859436035
936,0	119,027493476868
938,0	119,111135482788
940,0	118,981261253357
942,0	118,969329833984
944,0	119,103441238403
946,0	119,191011428833
948,0	119,05260181427
950,0	119,012413024902
952,0	119,020540237427
954,0	119,227048873901
956,0	119,279107093811
958,0	119,135468482971
960,0	119,102016448975
962,0	119,193285942078
964,0	119,290609359741
966,0	119,31297492981
968,0	119,271520614624
970,0	119,248064994812
972,0	119,305261611938
974,0	119,34831237793
976,0	119,339870452881
978,0	119,333107948303
980,0	119,322780609131
982,0	119,361443519592
984,0	119,377241134644
986,0	119,366586685181
988,0	119,339994430542
990,0	119,428158760071
992,0	119,424410820007
994,0	119,41201877594
996,0	119,333252906799
998,0	119,310643196106
1000,0	119,365057945251
1010,0	119,347314834595
1020,0	119,357919692993
1030,0	119,303656578064
1040,0	119,312181472778
1050,0	119,249685287476
1060,0	119,127592086792
1070,0	119,126783370972
1080,0	119,117475509644
1090,0	119,125105857849
1100,0	119,105135917664
1110,0	111,428947925568
1120,0	119,108534812927
1130,0	119,042893409729
1140,0	118,842377662659
1150,0	118,887757301331
1160,0	119,0154504776
1170,0	118,997352600098
1180,0	118,977135658264
1190,0	118,964417457581
1200,0	118,966693878174
1210,0	118,957794189453
1220,0	118,932836532593
1230,0	118,911516189575
1240,0	118,932760238647
1250,0	118,897730827332
1260,0	118,86406993866
1270,0	118,831869125366
1280,0	118,798077583313
1290,0	118,825263977051
1300,0	118,826567649841
1310,0	118,806676864624
1320,0	118,803723335266
1330,0	118,817982673645
1340,0	118,819109916687
1350,0	118,832800865173
1360,0	118,840075492859
1370,0	118,810718536377
1380,0	118,872378349304
1390,0	118,883679389954
1400,0	118,835715293884
1410,0	118,841909408569
1420,0	118,763812065125
1430,0	118,763770103455
1440,0	118,751818656921
1450,0	118,734510421753
1460,0	118,685272216797
1470,0	118,661554336548
1480,0	118,753878593445
1490,0	118,626845359802
1500,0	118,633832931519
1510,0	118,583818435669
1520,0	118,606761932373
1530,0	118,561153411865
1540,0	118,605541229248
1550,0	118,629428863525
1560,0	118,59256362915
1570,0	118,595931053162
1580,0	118,563628196716
1590,0	118,498761177063
1600,0	118,473856925964
1610,0	118,462619781494
1620,0	118,391367912292
1630,0	118,366024017334
1640,0	118,392185211182
1650,0	118,413215637207
1660,0	118,371649742126
1670,0	118,350525856018
1680,0	118,364837646484
1690,0	118,314344406128
1700,0	118,339441299438
1710,0	118,370615005493
1720,0	118,410189628601
1730,0	118,334995269775
1740,0	118,308036804199
1750,0	118,294410705566
1760,0	118,340921401978
1770,0	118,330196380615
1780,0	118,309054374695
1790,0	118,321141242981
1800,0	118,322556495667
1810,0	118,320275306702
1820,0	118,236310005188
1830,0	118,260611534119
1840,0	118,248135566711
1850,0	118,228867530823
1860,0	118,243134498596
1870,0	118,234555244446
1880,0	118,179747581482
1890,0	118,220746040344
1900,0	118,227947235107
1910,0	118,184522628784
1920,0	118,202491760254
1930,0	118,114841461182
1940,0	117,939260482788
1950,0	117,828881263733
1960,0	117,980729103088
1970,0	117,968236923218
1980,0	117,893211364746
1990,0	117,88932800293
2000,0	117,882015228271
2010,0	117,800440788269
2020,0	117,91370010376
2030,0	117,88870716095
2040,0	117,876452445984
2050,0	117,817377090454
2060,0	117,712138175964
2070,0	117,693941116333
2080,0	117,632200241089
2090,0	117,631454467773
2100,0	117,535507202148
2110,0	117,534502983093
2120,0	117,526365280151
2130,0	117,546050071716
2140,0	117,52961063385
2150,0	117,510195732117
2160,0	117,509843826294
2170,0	117,431520462036
2180,0	117,362481117249
2190,0	117,470497131348
2200,0	117,498648643494
2210,0	117,4617395401
2220,0	117,529314041138
2230,0	117,561199188232
2240,0	117,550260543823
2250,0	117,551162719727
2260,0	117,5553855896
2270,0	117,508706092834
2280,0	117,433820724487
2290,0	117,388114929199
2300,0	117,274018287659
2310,0	117,308091163635
2320,0	117,293851852417
2330,0	117,338040351868
2340,0	117,391967773438
2350,0	117,406447410584
2360,0	117,270597457886
2370,0	117,232807159424
2380,0	117,269432067871
2390,0	117,218774795532
2400,0	117,178961753845
2410,0	117,227620124817
2420,0	117,244270324707
2430,0	117,151996612549
2440,0	117,150632858276
2450,0	117,07977104187
2460,0	117,124921798706
2470,0	117,138606071472
2480,0	117,197428703308
2490,0	117,19939994812
2500,0	117,189486503601
2510,0	117,192375183105
2520,0	117,117317199707
2530,0	117,07763671875
2540,0	117,08641242981
2550,0	117,080799102783
2560,0	117,058602333069
2570,0	117,201199531555
2580,0	117,147376060486
2590,0	117,131962776184
2600,0	117,16345500946
2610,0	117,046568870544
2620,0	117,08860874176
2630,0	117,051690101624
2640,0	117,055788993835
2650,0	117,042143821716
2660,0	117,031928062439
2670,0	117,030358314514
2680,0	117,317346572876
2690,0	116,976313591003
2700,0	116,945637702942
2710,0	116,914147377014
2720,0	116,838152885437
2730,0	116,710412025452
2740,0	116,746747016907
2750,0	116,689060211182
2760,0	116,706638336182
2770,0	116,673651695251
2780,0	116,601395606995
2790,0	116,646071434021
2800,0	116,649815559387
2810,0	116,57497215271
2820,0	116,518718719482
2830,0	116,52032661438
2840,0	116,522269248962
2850,0	116,513048171997
2860,0	116,526316642761
2870,0	116,58873462677
2880,0	116,500632286072
2890,0	116,464604377747
2900,0	116,544206619263
2910,0	116,46808719635
2920,0	116,459357261658
2930,0	116,503855705261
2940,0	116,409108161926
2950,0	116,306104660034
2960,0	116,30949306488
2970,0	116,312641143799
2980,0	116,24587059021
2990,0	116,19665813446
3000,0	116,154655456543
3050,0	116,152860641479
3100,0	116,005354881287
3150,0	115,60671710968
3200,0	115,599588394165
3250,0	115,445547103882
3300,0	115,493431091309
3350,0	115,381209373474
3400,0	115,434399604797
3450,0	115,347151756287
3500,0	115,320518493652
3550,0	115,194574356079
3600,0	115,796268463135
3650,0	115,515177726746
3700,0	114,626832485199
3750,0	114,289127826691
3800,0	114,691514968872
3850,0	114,538616657257
3900,0	113,862065792084
3950,0	113,620426654816
4000,0	113,694368362427
4050,0	113,818419933319
4100,0	113,504653930664
4150,0	113,993877887726
4200,0	114,031486034393
4250,0	114,407283782959
4300,0	114,022545337677
4350,0	114,314967632294
4400,0	114,798960208893
4450,0	114,47771024704
4500,0	114,638272285461
4550,0	114,810221672058
4600,0	114,830726146698
4650,0	114,026007175446
4700,0	114,026679515839
4750,0	114,11376953125
4800,0	114,19345664978
4850,0	114,323201179504
4900,0	114,240275859833
4950,0	114,094116210938
5000,0	113,459567070007
5050,0	112,918282032013
5100,0	113,124289512634
5150,0	112,899927139282
5200,0	112,702906608582
5250,0	112,77387046814
5300,0	112,754314422607
5350,0	112,698453903198
5400,0	112,007830619812
5450,0	112,029145717621
5500,0	112,038930892944
5550,0	112,286869525909
5600,0	111,432909488678
5650,0	112,251489162445
5700,0	112,070703983307
5750,0	111,91706609726
5800,0	111,666054725647
5850,0	111,790000915527
5900,0	111,237874031067
5950,0	110,88702583313
6000,0	111,125799179077
6050,0	111,425367832184
6100,0	111,533592700958
6150,0	111,421587467194
6200,0	111,113531589508
6250,0	111,715148448944
6300,0	111,114188671112
6350,0	110,615087032318
6400,0	111,105030059814
6450,0	111,057072639465
6500,0	110,641895771027
6550,0	110,263780355453
6600,0	110,731162786484
6650,0	110,640355825424
6700,0	110,470351219177
6750,0	110,317235469818
6800,0	110,323314428329
6850,0	110,458366155624
6900,0	109,695730924606
6950,0	109,548083782196
7000,0	110,181161403656
7050,0	109,277996301651
7100,0	109,213384389877
7150,0	108,791109323502
7200,0	108,613775849342
7250,0	108,216837406158
7300,0	107,38922020793
7350,0	107,880759716034
7400,0	107,988758444786
7450,0	107,592850446701
7500,0	107,465493559837
7550,0	107,796841084957
7600,0	108,172194123268
7650,0	107,520436882973
7700,0	107,255806446075
7750,0	107,181122481823
7800,0	107,084737725556
7850,0	106,814627841115
7900,0	105,89964401722
7950,0	106,542329996824
8000,0	106,547079920769
8050,0	105,6868673563
8100,0	106,095178484917
8150,0	106,41240042448
8200,0	106,537852227688
8250,0	105,779837727547
8300,0	106,112267494202
8350,0	106,343256533146
8400,0	106,270613312721
8450,0	105,936399698257
8500,0	105,280242204666
8550,0	105,727385282516
8600,0	105,295423984528
8650,0	104,390549898148
8700,0	104,668017148972
8750,0	105,596241950989
8800,0	105,001859426498
8850,0	104,895794630051
8900,0	105,347809672356
8950,0	105,889249324799
9000,0	104,89311504364
9050,0	104,681124687195
9100,0	104,915282487869
9150,0	104,729028463364
9200,0	103,849521636963
9250,0	103,394601106644
9300,0	104,176135540009
9350,0	104,193234920502
9400,0	103,018993139267
9450,0	103,276999235153
9500,0	103,09632563591
9550,0	103,455654144287
9600,0	102,225690841675
9650,0	102,345132827759
9700,0	103,466066837311
9750,0	103,85859131813
9800,0	102,968531131744
9850,0	102,982462406158
9900,0	104,001127243042
9950,0	103,850341796875
10000,0	102,528943538666
10050,0	103,27219080925
10100,0	103,56865644455
10150,0	103,295107603073
10200,0	102,465861797333
10250,0	103,389045715332
10300,0	104,005633115768
10350,0	103,310847997665
10400,0	103,244597911835
10450,0	103,441633939743
10500,0	103,991761684418
10550,0	103,612190008163
10600,0	103,014970064163
10650,0	103,626838207245
10700,0	103,530604124069
10750,0	103,334132909775
10800,0	103,01204252243
10850,0	103,389813184738
10900,0	103,754002332687
10950,0	103,048543214798
11000,0	103,22983956337
11050,0	103,620392799377
11100,0	103,185092687607
11150,0	102,746756076813
11200,0	102,402861118317
11250,0	102,909511566162
11300,0	102,989944458008
11350,0	101,771952152252
11400,0	102,314207077026
11450,0	102,44117307663
11500,0	102,327456951141
11550,0	101,664214134216
11600,0	101,657972335815
11650,0	103,025684595108
11700,0	102,179789543152
11750,0	101,814725399017
11800,0	102,390598773956
11850,0	102,393315315247
11900,0	101,900204658508
11950,0	100,387719154358
12000,0	101,580797672272
12050,0	102,044697284698
12100,0	100,673353672028
12150,0	100,938796043396
12200,0	101,040865421295
12250,0	102,23624420166
12300,0	101,307197093964
12350,0	101,219210147858
12400,0	101,676309585571
12450,0	101,912355422974
12500,0	100,986679553986
12550,0	100,728314876556
12600,0	101,050761222839
12650,0	101,17872095108
12700,0	100,075081348419
12750,0	99,7725234031677
12800,0	100,023655891418
12850,0	100,095317363739
12900,0	98,9985408782959
12950,0	99,6378417015076
13000,0	100,18275642395
13050,0	99,4871096611023
13100,0	99,2131524085999
13150,0	98,9972286224365
13200,0	99,4947490692139
13250,0	98,2105321884155
13300,0	98,2175140380859
13350,0	98,1865863800049
13400,0	98,0061283111572
13450,0	98,0157909393311
13500,0	97,259804725647
13550,0	97,4788208007813
13600,0	97,9977798461914
13650,0	97,1526279449463
13700,0	97,2200899124146
13750,0	98,0230007171631
13800,0	98,5276775360107
13850,0	97,7637157440186
13900,0	97,5496215820313
13950,0	98,5931529998779
14000,0	97,9538097381592
14050,0	97,4132146835327
14100,0	98,1785135269165
14150,0	98,4927825927734
14200,0	99,2694191932678
14250,0	98,1981039047241
14300,0	98,845440864563
14350,0	99,6748113632202
14400,0	98,3209705352783
14450,0	98,4547185897827
14500,0	98,1050462722778
14550,0	99,358989238739
14600,0	99,3168196678162
14650,0	98,3954191207886
14700,0	99,6211857795715
14750,0	100,094181537628
14800,0	99,4611248970032
14850,0	98,5381641387939
14900,0	97,8513441085815
14950,0	99,7514371871948
15000,0	98,5832929611206
15050,0	97,890438079834
15100,0	99,4935855865479
15150,0	98,8230028152466
15200,0	98,1202163696289
15250,0	98,4635305404663
15300,0	98,3502082824707
15350,0	99,2524375915527
15400,0	97,9002685546875
15450,0	98,0456218719482
15500,0	99,2146258354187
15550,0	98,8537015914917
15600,0	98,9527034759521
15650,0	98,0533723831177
15700,0	99,7905645370483
15750,0	99,126859664917
15800,0	98,0797424316406
15850,0	99,345151424408
15900,0	99,5371246337891
15950,0	98,6265802383423
16000,0	98,7311019897461
16050,0	98,928581237793
16100,0	100,142679214478
16150,0	98,7119569778442
16200,0	98,7202806472778
16250,0	99,759400844574
16300,0	99,4232845306396
16350,0	98,8121376037598
16400,0	98,2200927734375
16450,0	99,1174664497375
16500,0	99,0493540763855
16550,0	97,3299446105957
16600,0	97,9480495452881
16650,0	98,1251659393311
16700,0	97,7647924423218
16750,0	97,4305944442749
16800,0	97,1651926040649
16850,0	97,9772605895996
16900,0	97,8091278076172
16950,0	96,4912729263306
17000,0	97,6389789581299
17050,0	97,3143815994263
17100,0	97,6042613983154
17150,0	96,7075605392456
17200,0	97,3221254348755
17250,0	97,8485059738159
17300,0	96,4324493408203
17350,0	95,9803915023804
17400,0	97,0244426727295
17450,0	96,9156246185303
17500,0	96,6843748092651
17550,0	96,148777961731
17600,0	96,5166320800781
17650,0	97,1196126937866
17700,0	94,7355632781982
17750,0	94,7664842605591
17800,0	94,248664855957
17850,0	94,0753049850464
17900,0	93,3776254653931
17950,0	92,7608737945557
18000,0	94,386794090271
