f [MHz]	U [dBuV]
800,0	58,3305931091309
802,0	92,0533180236816
804,0	92,5514354705811
806,0	92,7997169494629
808,0	92,5513095855713
810,0	92,2316341400146
812,0	92,1766757965088
814,0	92,4226045608521
816,0	92,5220375061035
818,0	92,4609899520874
820,0	92,4228172302246
822,0	92,463888168335
824,0	92,4151048660278
826,0	92,3183174133301
828,0	92,3283071517944
830,0	92,4670829772949
832,0	92,569580078125
834,0	92,6233282089233
836,0	92,594801902771
838,0	92,6395835876465
840,0	92,9585704803467
842,0	93,0554122924805
844,0	92,9992532730103
846,0	92,8634176254272
848,0	92,9116907119751
850,0	93,1828851699829
852,0	93,3987102508545
854,0	93,2813720703125
856,0	93,0044622421265
858,0	92,9337921142578
860,0	93,178201675415
862,0	93,396125793457
864,0	93,2902889251709
866,0	93,0432500839233
868,0	92,9752082824707
870,0	93,0565242767334
872,0	93,0266170501709
874,0	92,9059858322144
876,0	92,9414396286011
878,0	93,0719108581543
880,0	93,0374898910522
882,0	92,8412036895752
884,0	92,8433799743652
886,0	93,1316871643066
888,0	93,2830696105957
890,0	93,0928287506104
892,0	92,8896541595459
894,0	93,0479230880737
896,0	93,2693386077881
898,0	93,2417831420898
900,0	93,1358451843262
902,0	93,1163358688354
904,0	93,1581745147705
906,0	93,1297559738159
908,0	93,177806854248
910,0	93,3342962265015
912,0	93,3114070892334
914,0	93,0114593505859
916,0	92,8354167938232
918,0	93,1170196533203
920,0	93,5012483596802
922,0	93,4051265716553
924,0	93,0635480880737
926,0	93,050407409668
928,0	93,3902883529663
930,0	93,5065584182739
932,0	93,2224998474121
934,0	93,0848617553711
936,0	93,2553215026855
938,0	93,4045333862305
940,0	93,1647672653198
942,0	92,9993600845337
944,0	93,1970176696777
946,0	93,4310903549194
948,0	93,1832113265991
950,0	92,8775386810303
952,0	92,8444395065308
954,0	93,3194894790649
956,0	93,5417127609253
958,0	93,1258211135864
960,0	92,7410764694214
962,0	92,798849105835
964,0	93,1924419403076
966,0	93,3941469192505
968,0	93,1443729400635
970,0	92,8526573181152
972,0	92,9018440246582
974,0	93,1603918075562
976,0	93,1888570785522
978,0	92,9422264099121
980,0	92,7950506210327
982,0	92,9082889556885
984,0	92,9834756851196
986,0	92,8298511505127
988,0	92,6967687606812
990,0	92,8821477890015
992,0	93,0497055053711
994,0	92,9046878814697
996,0	92,6007270812988
998,0	92,6640348434448
1000,0	92,952693939209
1010,0	92,8753366470337
1020,0	92,8584308624268
1030,0	92,4994049072266
1040,0	92,4164419174194
1050,0	92,2136850357056
1060,0	92,0979328155518
1070,0	91,9496202468872
1080,0	91,9016895294189
1090,0	92,0411701202393
1100,0	92,1202402114868
1110,0	92,2197093963623
1120,0	92,2014789581299
1130,0	92,0528297424316
1140,0	91,7698431015015
1150,0	92,063756942749
1160,0	92,7228670120239
1170,0	93,0898103713989
1180,0	93,0598783493042
1190,0	93,0243835449219
1200,0	93,1521587371826
1210,0	93,1559867858887
1220,0	92,9382295608521
1230,0	92,9278745651245
1240,0	92,9427909851074
1250,0	92,9028730392456
1260,0	92,7667627334595
1270,0	92,4447917938232
1280,0	92,2680168151855
1290,0	92,3509092330933
1300,0	92,35205078125
1310,0	92,3274574279785
1320,0	92,4696950912476
1330,0	92,605092048645
1340,0	92,7943849563599
1350,0	92,8101434707642
1360,0	92,8364810943604
1370,0	92,7460994720459
1380,0	92,8807506561279
1390,0	92,9661827087402
1400,0	93,0385513305664
1410,0	93,049674987793
1420,0	92,9700269699097
1430,0	92,7415018081665
1440,0	92,7007999420166
1450,0	92,6465969085693
1460,0	92,4031734466553
1470,0	92,3489046096802
1480,0	92,5198822021484
1490,0	92,4533090591431
1500,0	92,5611429214478
1510,0	92,4790372848511
1520,0	92,1404247283936
1530,0	92,0143136978149
1540,0	92,1095771789551
1550,0	92,1563892364502
1560,0	92,0292711257935
1570,0	92,1769132614136
1580,0	92,2211685180664
1590,0	92,246150970459
1600,0	92,2931442260742
1610,0	92,2356519699097
1620,0	92,0420541763306
1630,0	91,9412441253662
1640,0	92,0965805053711
1650,0	92,2431344985962
1660,0	92,3616304397583
1670,0	92,4261713027954
1680,0	92,48766040802
1690,0	92,6743993759155
1700,0	92,781210899353
1710,0	92,921760559082
1720,0	92,9467620849609
1730,0	92,8781986236572
1740,0	92,8550214767456
1750,0	92,7198944091797
1760,0	92,5625419616699
1770,0	92,402063369751
1780,0	92,3359937667847
1790,0	92,3380603790283
1800,0	92,4472904205322
1810,0	92,4776096343994
1820,0	92,4546394348145
1830,0	92,3910474777222
1840,0	92,2219944000244
1850,0	92,0776357650757
1860,0	91,9471712112427
1870,0	91,8975820541382
1880,0	91,6964426040649
1890,0	91,5342769622803
1900,0	91,4357061386108
1910,0	91,3447780609131
1920,0	91,1660346984863
1930,0	90,9979820251465
1940,0	90,7371940612793
1950,0	90,2329006195068
1960,0	90,2749919891357
1970,0	90,1168270111084
1980,0	89,7078342437744
1990,0	89,5446033477783
2000,0	89,5906810760498
2010,0	89,4640846252441
2020,0	89,5653018951416
2030,0	89,5670967102051
2040,0	89,4178714752197
2050,0	89,31422996521
2060,0	89,0846939086914
2070,0	88,845401763916
2080,0	88,8204669952393
2090,0	88,9700946807861
2100,0	88,8813514709473
2110,0	89,0780944824219
2120,0	89,0511322021484
2130,0	88,9564971923828
2140,0	86,7584419250488
2150,0	89,0689678192139
2160,0	89,107723236084
2170,0	89,188159942627
2180,0	89,2013721466064
2190,0	89,3990898132324
2200,0	89,5045547485352
2210,0	89,4387493133545
2220,0	89,4926586151123
2230,0	89,5213279724121
2240,0	89,7024421691895
2250,0	89,6155071258545
2260,0	89,6788635253906
2270,0	89,6660060882568
2280,0	89,5294132232666
2290,0	89,5489368438721
2300,0	89,4711742401123
2310,0	89,6219043731689
2320,0	89,5724620819092
2330,0	89,6027755737305
2340,0	89,5971069335938
2350,0	89,4083232879639
2360,0	89,1749706268311
2370,0	88,9791793823242
2380,0	88,8973751068115
2390,0	88,9612674713135
2400,0	89,0215759277344
2410,0	88,9653091430664
2420,0	89,0463771820068
2430,0	88,8862743377686
2440,0	88,7501564025879
2450,0	88,5530204772949
2460,0	88,5050811767578
2470,0	88,4606437683105
2480,0	88,3895988464355
2490,0	88,2370109558105
2500,0	88,1220779418945
2510,0	88,1221313476563
2520,0	87,9758567810059
2530,0	87,9894466400146
2540,0	88,0186557769775
2550,0	87,9165458679199
2560,0	87,8394546508789
2570,0	87,9773025512695
2580,0	87,7414245605469
2590,0	87,4487991333008
2600,0	87,4119434356689
2610,0	87,2875518798828
2620,0	87,4195022583008
2630,0	87,5202407836914
2640,0	87,6880893707275
2650,0	87,8164825439453
2660,0	87,8411617279053
2670,0	87,780445098877
2680,0	87,6402683258057
2690,0	87,5683498382568
2700,0	87,589916229248
2710,0	87,6446189880371
2720,0	87,6256351470947
2730,0	87,7487754821777
2740,0	87,7414302825928
2750,0	87,7585639953613
2760,0	87,7256736755371
2770,0	87,6456871032715
2780,0	87,3241882324219
2790,0	87,3942985534668
2800,0	87,4872951507568
2810,0	87,4701995849609
2820,0	87,4619274139404
2830,0	87,3632469177246
2840,0	87,3868370056152
2850,0	87,3450183868408
2860,0	87,2729721069336
2870,0	87,1745338439941
2880,0	87,0722026824951
2890,0	87,0224342346191
2900,0	87,1032314300537
2910,0	87,0481777191162
2920,0	86,9751148223877
2930,0	86,6958885192871
2940,0	86,5159187316895
2950,0	86,3235034942627
2960,0	86,2539386749268
2970,0	86,1107997894287
2980,0	85,9405517578125
2990,0	85,7787590026855
3000,0	85,5164413452148
3050,0	85,2873992919922
3100,0	84,7747955322266
3150,0	84,1176261901855
3200,0	84,0592041015625
3250,0	84,3047294616699
3300,0	84,1562404632568
3350,0	84,8894901275635
3400,0	84,0869445800781
3450,0	85,2181339263916
3500,0	84,3297729492188
3550,0	84,796443939209
3600,0	85,3855228424072
3650,0	84,6722259521484
3700,0	84,2631568908691
3750,0	82,910192489624
3800,0	83,4806270599365
3850,0	82,6484107971191
3900,0	82,0302028656006
3950,0	81,433256149292
4000,0	82,0556907653809
4050,0	81,9393405914307
4100,0	82,1130084991455
4150,0	82,0487823486328
4200,0	82,5554885864258
4250,0	81,756965637207
4300,0	81,8388080596924
4350,0	81,3983554840088
4400,0	81,9975891113281
4450,0	81,5752487182617
4500,0	81,4837265014648
4550,0	82,3707580566406
4600,0	81,6304664611816
4650,0	81,4004917144775
4700,0	80,9121990203857
4750,0	81,3035926818848
4800,0	80,9357776641846
4850,0	81,0814838409424
4900,0	80,6640663146973
4950,0	80,9661979675293
5000,0	80,2251205444336
5050,0	79,5526332855225
5100,0	80,1854858398438
5150,0	79,9455986022949
5200,0	80,4503707885742
5250,0	80,1899166107178
5300,0	80,9348087310791
5350,0	80,4164199829102
5400,0	80,265869140625
5450,0	79,9003086090088
5500,0	80,1029109954834
5550,0	79,7048149108887
5600,0	79,2278823852539
5650,0	79,1183013916016
5700,0	79,6540508270264
5750,0	78,5039577484131
5800,0	78,8183879852295
5850,0	78,6470546722412
5900,0	78,4279022216797
5950,0	77,9395580291748
6000,0	78,0615501403809
6050,0	78,2968521118164
6100,0	78,1604232788086
6150,0	77,895435333252
6200,0	77,9448413848877
6250,0	78,407829284668
6300,0	77,7989292144775
6350,0	77,5524768829346
6400,0	77,727518081665
6450,0	78,0312786102295
6500,0	76,6327075958252
6550,0	76,8228073120117
6600,0	75,9857292175293
6650,0	76,4862499237061
6700,0	75,8948822021484
6750,0	75,4545078277588
6800,0	76,273904800415
6850,0	76,1398601531982
6900,0	75,6748657226563
6950,0	75,7536182403564
7000,0	75,6657390594482
7050,0	75,5956020355225
7100,0	74,7455940246582
7150,0	75,0548610687256
7200,0	75,2630195617676
7250,0	74,8449478149414
7300,0	74,7502746582031
7350,0	74,5594711303711
7400,0	75,3240032196045
7450,0	74,3459167480469
7500,0	74,2842636108398
7550,0	75,0387153625488
7600,0	74,5864715576172
7650,0	74,6326866149902
7700,0	73,7900619506836
7750,0	74,1091003417969
7800,0	73,6323928833008
7850,0	73,3350639343262
7900,0	72,737907409668
7950,0	72,938533782959
8000,0	73,3288154602051
8050,0	72,8055953979492
8100,0	72,6881256103516
8150,0	73,9028549194336
8200,0	72,9807014465332
8250,0	72,8768081665039
8300,0	73,0189399719238
8350,0	72,7432479858398
8400,0	73,2542724609375
8450,0	72,058895111084
8500,0	71,8750114440918
8550,0	71,7595596313477
8600,0	71,5224952697754
8650,0	70,3151054382324
8700,0	71,1470642089844
8750,0	71,5337562561035
8800,0	71,4102935791016
8850,0	70,9482879638672
8900,0	71,652458190918
8950,0	72,1543388366699
9000,0	71,3396797180176
9050,0	71,3791694641113
9100,0	71,3783874511719
9150,0	72,0360488891602
9200,0	70,5618324279785
9250,0	70,8476219177246
9300,0	71,7268562316895
9350,0	71,5900688171387
9400,0	70,6231918334961
9450,0	70,824893951416
9500,0	70,608081817627
9550,0	71,0642776489258
9600,0	69,8644371032715
9650,0	70,0872383117676
9700,0	71,4905891418457
9750,0	71,3792152404785
9800,0	70,7435111999512
9850,0	70,7001571655273
9900,0	71,4426116943359
9950,0	71,2852821350098
10000,0	70,180835723877
10050,0	70,8428993225098
10100,0	17,0597076416016
10150,0	71,0483436584473
10200,0	69,9100494384766
10250,0	71,2406272888184
10300,0	71,7492408752441
10350,0	70,9881057739258
10400,0	71,0551071166992
10450,0	71,6494750976563
10500,0	71,6611595153809
10550,0	71,3134994506836
10600,0	70,6900215148926
10650,0	70,9732551574707
10700,0	71,2903823852539
10750,0	70,5078544616699
10800,0	70,5245323181152
10850,0	16,7176208496094
10900,0	70,805591583252
10950,0	70,4335746765137
11000,0	70,5832290649414
11050,0	71,1280632019043
11100,0	70,7545738220215
11150,0	70,2022018432617
11200,0	70,1879730224609
11250,0	70,5619583129883
11300,0	70,1037406921387
11350,0	69,5529975891113
11400,0	69,4744606018066
11450,0	70,3754997253418
11500,0	69,1636238098145
11550,0	69,4717903137207
11600,0	69,2211761474609
11650,0	70,2426910400391
11700,0	69,9276657104492
11750,0	69,2240524291992
11800,0	69,821662902832
11850,0	70,0369071960449
11900,0	69,1471252441406
11950,0	68,3366470336914
12000,0	68,7981491088867
12050,0	70,0920486450195
12100,0	68,3861274719238
12150,0	68,4205741882324
12200,0	69,7030258178711
12250,0	69,698112487793
12300,0	68,7727165222168
12350,0	68,8707695007324
12400,0	69,1846923828125
12450,0	69,8857955932617
12500,0	68,4443855285645
12550,0	68,4809532165527
12600,0	68,7028694152832
12650,0	68,5040168762207
12700,0	67,8969535827637
12750,0	66,9671211242676
12800,0	68,1086959838867
12850,0	67,312801361084
12900,0	67,5479774475098
12950,0	67,0976409912109
13000,0	68,9373054504395
13050,0	67,6804618835449
13100,0	68,0027160644531
13150,0	67,5954513549805
13200,0	67,9464721679688
13250,0	67,2004241943359
13300,0	66,5013847351074
13350,0	67,2439460754395
13400,0	66,8077278137207
13450,0	67,2923736572266
13500,0	66,4576225280762
13550,0	66,9554252624512
13600,0	66,8640403747559
13650,0	66,4168891906738
13700,0	65,3086433410645
13750,0	66,6738815307617
13800,0	65,8531036376953
13850,0	65,7599754333496
13900,0	64,9716033935547
13950,0	66,260612487793
14000,0	65,782772064209
14050,0	64,8738975524902
14100,0	65,9150390625
14150,0	65,8324699401855
14200,0	66,5650062561035
14250,0	64,9639129638672
14300,0	66,2395820617676
14350,0	66,215404510498
14400,0	66,0185050964355
14450,0	65,1867294311523
14500,0	65,645378112793
14550,0	65,9070129394531
14600,0	66,1575508117676
14650,0	64,337718963623
14700,0	66,2407722473145
14750,0	65,9492568969727
14800,0	66,0137176513672
14850,0	64,9532928466797
14900,0	64,8287010192871
14950,0	66,5929985046387
15000,0	65,3870010375977
15050,0	65,3086929321289
15100,0	66,2231407165527
15150,0	66,3867454528809
15200,0	65,1940498352051
15250,0	65,9785118103027
15300,0	65,9108505249023
15350,0	67,041862487793
15400,0	65,4097938537598
15450,0	65,9467620849609
15500,0	66,5006866455078
15550,0	66,673038482666
15600,0	65,7139358520508
15650,0	65,8803215026855
15700,0	66,6439247131348
15750,0	65,8916511535645
15800,0	65,2511978149414
15850,0	65,6633377075195
15900,0	66,0177383422852
15950,0	65,0601654052734
16000,0	64,8144569396973
16050,0	65,0292167663574
16100,0	66,7141723632813
16150,0	64,3133125305176
16200,0	65,4501152038574
16250,0	65,0906753540039
16300,0	66,291088104248
16350,0	64,5249481201172
16400,0	64,9584197998047
16450,0	65,3146934509277
16500,0	65,2257499694824
16550,0	63,8637428283691
16600,0	63,9253845214844
16650,0	64,0936508178711
16700,0	63,9646110534668
16750,0	63,0555229187012
16800,0	63,0866775512695
16850,0	64,3796081542969
16900,0	63,1416397094727
16950,0	63,4881324768066
17000,0	62,9277458190918
17050,0	64,3600006103516
17100,0	63,1372451782227
17150,0	63,4877548217773
17200,0	63,0988426208496
17250,0	63,9712677001953
17300,0	62,3048820495605
17350,0	62,1248016357422
17400,0	62,3757247924805
17450,0	62,7206764221191
17500,0	61,9603843688965
17550,0	61,0908203125
17600,0	62,0140342712402
17650,0	61,3520812988281
17700,0	60,0759963989258
17750,0	58,975658416748
17800,0	59,1877136230469
17850,0	58,8899383544922
17900,0	57,7992057800293
17950,0	57,7624244689941
18000,0	59,1542091369629
