f [MHz]	U [dBuV]
800,0	94,2377862930298
802,0	118,15502166748
804,0	118,270952224731
806,0	118,369663238525
808,0	118,375392913818
810,0	118,361165046692
812,0	118,240810394287
814,0	118,269060134888
816,0	118,28936290741
818,0	118,290651321411
820,0	118,304176330566
822,0	118,274302482605
824,0	118,277558326721
826,0	118,282290458679
828,0	118,269424438477
830,0	118,263305664063
832,0	118,263246536255
834,0	118,357300758362
836,0	118,339183807373
838,0	118,273478507996
840,0	118,327218055725
842,0	118,305088043213
844,0	118,311015129089
846,0	118,302852630615
848,0	118,303462028503
850,0	118,306356430054
852,0	118,374095916748
854,0	118,379803657532
856,0	118,35147190094
858,0	118,321767807007
860,0	118,369665145874
862,0	118,438549041748
864,0	118,449116706848
866,0	118,437466621399
868,0	118,438806533813
870,0	118,472197532654
872,0	118,498705863953
874,0	118,467784881592
876,0	118,502155303955
878,0	118,461581230164
880,0	118,519899368286
882,0	118,489553451538
884,0	118,486861228943
886,0	118,463258743286
888,0	118,492799758911
890,0	118,504414558411
892,0	118,448674201965
894,0	118,430488586426
896,0	118,4164686203
898,0	118,450086593628
900,0	118,485918045044
902,0	118,471849441528
904,0	118,434016227722
906,0	118,455720901489
908,0	118,463457107544
910,0	118,482816696167
912,0	118,422648429871
914,0	118,381016731262
916,0	118,417310714722
918,0	118,461048126221
920,0	118,510200500488
922,0	118,474027633667
924,0	118,455053329468
926,0	118,464009284973
928,0	118,498802185059
930,0	118,487030029297
932,0	118,43520450592
934,0	118,440125465393
936,0	118,463806152344
938,0	118,498366355896
940,0	118,477135658264
942,0	118,467671394348
944,0	118,526476860046
946,0	118,518498420715
948,0	118,444505691528
950,0	118,459561347961
952,0	118,407338142395
954,0	118,5329246521
956,0	118,521705627441
958,0	118,412752151489
960,0	118,374128341675
962,0	118,42699432373
964,0	118,45951461792
966,0	118,45446395874
968,0	118,419221878052
970,0	118,386744499207
972,0	118,429960250854
974,0	118,423904418945
976,0	118,413034439087
978,0	118,392606735229
980,0	118,390707969666
982,0	118,398161888123
984,0	118,404662132263
986,0	118,387805938721
988,0	118,371767997742
990,0	118,430720329285
992,0	118,435343742371
994,0	118,406390190125
996,0	118,337598800659
998,0	118,331066131592
1000,0	118,36129283905
1010,0	118,32932472229
1020,0	118,344837188721
1030,0	118,303415298462
1040,0	118,309422492981
1050,0	118,278586387634
1060,0	118,230906486511
1070,0	118,180280685425
1080,0	118,159937858582
1090,0	118,164957046509
1100,0	118,144112586975
1110,0	118,119002342224
1120,0	118,128659248352
1130,0	118,088202476501
1140,0	117,839845657349
1150,0	117,873759269714
1160,0	117,98212146759
1170,0	117,96172618866
1180,0	117,922030448914
1190,0	117,944844245911
1200,0	117,958228111267
1210,0	117,945519447327
1220,0	117,937599182129
1230,0	117,936737060547
1240,0	117,921589851379
1250,0	117,91697883606
1260,0	117,886776924133
1270,0	117,845036506653
1280,0	117,859389305115
1290,0	117,918105125427
1300,0	117,916068077087
1310,0	117,922342300415
1320,0	117,899271965027
1330,0	117,893441200256
1340,0	117,863809585571
1350,0	117,856077194214
1360,0	117,84149646759
1370,0	117,767182350159
1380,0	117,818851470947
1390,0	117,82648563385
1400,0	117,797714233398
1410,0	117,823183059692
1420,0	118,148000717163
1430,0	117,785696983337
1440,0	117,764771461487
1450,0	117,747926712036
1460,0	117,686399459839
1470,0	117,692956924438
1480,0	117,80140209198
1490,0	117,669612884521
1500,0	117,668807983398
1510,0	117,665871620178
1520,0	117,697534561157
1530,0	117,647162437439
1540,0	117,687937736511
1550,0	117,672859191895
1560,0	117,588088989258
1570,0	117,556288719177
1580,0	117,568899154663
1590,0	117,513588905334
1600,0	117,47594165802
1610,0	117,519519805908
1620,0	117,500188827515
1630,0	117,462507247925
1640,0	117,461679458618
1650,0	117,464960098267
1660,0	117,404299736023
1670,0	117,371782302856
1680,0	117,397825241089
1690,0	117,312213897705
1700,0	117,302117347717
1710,0	117,333840370178
1720,0	117,401700019836
1730,0	117,314959526062
1740,0	117,289568901062
1750,0	117,266254425049
1760,0	117,293895721436
1770,0	117,30931854248
1780,0	117,307600021362
1790,0	117,276149749756
1800,0	117,294522285461
1810,0	117,242963790894
1820,0	117,137668609619
1830,0	117,162352561951
1840,0	117,140309333801
1850,0	117,117655754089
1860,0	117,150324821472
1870,0	117,17297744751
1880,0	117,131533622742
1890,0	117,137579917908
1900,0	117,166085243225
1910,0	117,140172958374
1920,0	117,129503250122
1930,0	117,018104553223
1940,0	116,848952293396
1950,0	116,765641212463
1960,0	116,894361495972
1970,0	116,93369102478
1980,0	116,838491439819
1990,0	116,86023235321
2000,0	116,873808860779
2010,0	116,829025268555
2020,0	116,926959991455
2030,0	116,912784576416
2040,0	116,900658607483
2050,0	116,860001564026
2060,0	116,815716743469
2070,0	116,807615280151
2080,0	116,755528450012
2090,0	116,765331268311
2100,0	116,702665328979
2110,0	116,656598091125
2120,0	116,610456466675
2130,0	116,576899528503
2140,0	116,565138816834
2150,0	116,509575843811
2160,0	116,554263114929
2170,0	116,58878993988
2180,0	116,490753173828
2190,0	116,573546409607
2200,0	116,591611862183
2210,0	116,557027816772
2220,0	116,625053405762
2230,0	116,631875038147
2240,0	116,620090484619
2250,0	116,585067749023
2260,0	116,572895050049
2270,0	116,586671829224
2280,0	116,41565322876
2290,0	116,381507873535
2300,0	116,248889923096
2310,0	116,23773765564
2320,0	116,218826293945
2330,0	116,241272926331
2340,0	116,312679290771
2350,0	116,326411247253
2360,0	116,22785282135
2370,0	116,233233451843
2380,0	116,263397216797
2390,0	116,272717475891
2400,0	116,289711952209
2410,0	116,295006752014
2420,0	116,366081237793
2430,0	116,283520698547
2440,0	116,32019329071
2450,0	116,295734405518
2460,0	116,315622329712
2470,0	116,289179801941
2480,0	116,279947280884
2490,0	116,298327445984
2500,0	116,256259918213
2510,0	116,271415710449
2520,0	116,156887054443
2530,0	116,011468887329
2540,0	116,032355308533
2550,0	116,034287452698
2560,0	115,991688728333
2570,0	116,037830352783
2580,0	115,94780921936
2590,0	115,951990127563
2600,0	115,94822883606
2610,0	115,899556159973
2620,0	115,914423942566
2630,0	115,89302444458
2640,0	115,912214279175
2650,0	115,951286315918
2660,0	115,965158462524
2670,0	115,906991958618
2680,0	115,897329330444
2690,0	115,910345077515
2700,0	115,845134735107
2710,0	115,847542762756
2720,0	115,772368431091
2730,0	115,644828796387
2740,0	115,631362915039
2750,0	115,568405151367
2760,0	115,573051452637
2770,0	115,516541481018
2780,0	115,467632293701
2790,0	115,500681877136
2800,0	115,484578132629
2810,0	115,470000267029
2820,0	115,514590263367
2830,0	115,476765632629
2840,0	115,538807868958
2850,0	115,528919219971
2860,0	115,562529563904
2870,0	115,646803855896
2880,0	115,593801498413
2890,0	115,604452133179
2900,0	115,68123626709
2910,0	115,673152923584
2920,0	115,668012619019
2930,0	115,656500816345
2940,0	115,535445213318
2950,0	115,424843788147
2960,0	115,389875411987
2970,0	115,408828735352
2980,0	115,328635215759
2990,0	115,271131515503
3000,0	115,244736671448
3050,0	115,239302635193
3100,0	115,190197944641
3150,0	114,909528255463
3200,0	114,625451564789
3250,0	114,301666259766
3300,0	114,483625411987
3350,0	114,252422809601
3400,0	114,222410202026
3450,0	114,024609088898
3500,0	114,159287929535
3550,0	114,199375629425
3600,0	114,71651506424
3650,0	114,452832698822
3700,0	113,467357158661
3750,0	113,188577651978
3800,0	113,649156093597
3850,0	113,443722248077
3900,0	112,826499938965
3950,0	112,297385692596
4000,0	112,890766143799
4050,0	112,981725215912
4100,0	112,719718456268
4150,0	112,930977344513
4200,0	113,278696537018
4250,0	113,498433589935
4300,0	113,254755973816
4350,0	113,493711471558
4400,0	113,768821239471
4450,0	113,6864361763
4500,0	113,589740276337
4550,0	113,82041311264
4600,0	113,866580963135
4650,0	113,179327011108
4700,0	113,173593997955
4750,0	113,232750415802
4800,0	113,473608970642
4850,0	113,546977996826
4900,0	113,687456130981
4950,0	113,558503627777
5000,0	112,823150634766
5050,0	112,486615657806
5100,0	112,939179897308
5150,0	112,409770488739
5200,0	112,205731391907
5250,0	111,965638160706
5300,0	112,37409734726
5350,0	112,044347763062
5400,0	111,52839422226
5450,0	111,39461183548
5500,0	111,783289432526
5550,0	111,812894821167
5600,0	111,404071331024
5650,0	111,330354213715
5700,0	112,145221710205
5750,0	111,527824878693
5800,0	112,030321598053
5850,0	111,949596405029
5900,0	111,740034580231
5950,0	111,622391223907
6000,0	111,531606197357
6050,0	111,624129295349
6100,0	111,558035850525
6150,0	111,437811374664
6200,0	111,28847694397
6250,0	111,644743919373
6300,0	111,275445461273
6350,0	110,976379871368
6400,0	111,518932819366
6450,0	111,659208774567
6500,0	111,079724788666
6550,0	111,060119152069
6600,0	111,256642341614
6650,0	111,616575241089
6700,0	111,054803371429
6750,0	110,554882287979
6800,0	111,062062263489
6850,0	110,920878887177
6900,0	110,202006578445
6950,0	109,89489865303
7000,0	109,870693922043
7050,0	109,800694465637
7100,0	109,406854867935
7150,0	109,522560834885
7200,0	109,601140260696
7250,0	109,135947227478
7300,0	108,789218664169
7350,0	108,683889389038
7400,0	108,95800614357
7450,0	108,114961862564
7500,0	107,796392738819
7550,0	108,312934041023
7600,0	108,274128198624
7650,0	108,100817799568
7700,0	107,896681308746
7750,0	108,080065488815
7800,0	108,094928264618
7850,0	107,83111923933
7900,0	107,45358133316
7950,0	107,818636000156
8000,0	108,148028969765
8050,0	107,266407728195
8100,0	107,305743396282
8150,0	108,179213166237
8200,0	107,742580831051
8250,0	107,156729876995
8300,0	107,294749706984
8350,0	107,351126641035
8400,0	107,761485517025
8450,0	107,19572840631
8500,0	106,641876667738
8550,0	107,243392467499
8600,0	106,486190736294
8650,0	105,97058057785
8700,0	106,12798500061
8750,0	107,24403463304
8800,0	106,33885037899
8850,0	106,107897877693
8900,0	106,335168778896
8950,0	106,885108366609
9000,0	105,874635457993
9050,0	105,755172610283
9100,0	106,018794417381
9150,0	105,91708111763
9200,0	105,135992646217
9250,0	104,754643440247
9300,0	105,849521517754
9350,0	105,430381774902
9400,0	104,593010902405
9450,0	104,729910373688
9500,0	105,042166471481
9550,0	105,289227843285
9600,0	104,28281879425
9650,0	104,215593099594
9700,0	105,686011552811
9750,0	105,815882921219
9800,0	105,143690347672
9850,0	104,909461498261
9900,0	105,914223194122
9950,0	105,725003838539
10000,0	104,771285295486
10050,0	105,227213263512
10100,0	105,93435561657
10150,0	105,420144200325
10200,0	104,877197265625
10250,0	105,637103199959
10300,0	105,893886804581
10350,0	105,651701450348
10400,0	104,661326408386
10450,0	105,684268832207
10500,0	105,444254636765
10550,0	105,567616343498
10600,0	104,803438425064
10650,0	105,35526740551
10700,0	105,61620247364
10750,0	104,872938394547
10800,0	104,664562702179
10850,0	105,088478446007
10900,0	104,967264175415
10950,0	104,367605924606
11000,0	104,297874450684
11050,0	104,882306575775
11100,0	104,758006811142
11150,0	104,059395551682
11200,0	104,359863042831
11250,0	104,841262340546
11300,0	104,573961257935
11350,0	104,016059398651
11400,0	103,818992137909
11450,0	104,610772371292
11500,0	103,731865882874
11550,0	103,594459056854
11600,0	103,525429725647
11650,0	104,558591365814
11700,0	104,419708013535
11750,0	103,700686454773
11800,0	104,321297883987
11850,0	104,393455028534
11900,0	103,473759651184
11950,0	102,662436962128
12000,0	103,279121875763
12050,0	104,264712810516
12100,0	103,09068441391
12150,0	102,81360912323
12200,0	103,368861675262
12250,0	103,651559829712
12300,0	103,021929979324
12350,0	102,41957616806
12400,0	102,813211917877
12450,0	103,214906454086
12500,0	102,210646152496
12550,0	102,038613319397
12600,0	102,598659038544
12650,0	102,704613208771
12700,0	101,825984954834
12750,0	101,329058647156
12800,0	102,131449699402
12850,0	101,951862812042
12900,0	101,275369644165
12950,0	101,511105537415
13000,0	102,370955467224
13050,0	101,351524353027
13100,0	101,37535572052
13150,0	100,936578273773
13200,0	101,448101997375
13250,0	100,488518238068
13300,0	100,285451889038
13350,0	100,688443660736
13400,0	100,670590877533
13450,0	100,874861717224
13500,0	100,392877578735
13550,0	100,36522102356
13600,0	101,172599315643
13650,0	100,028748989105
13700,0	99,7731242179871
13750,0	100,535851955414
13800,0	100,499471187592
13850,0	99,6985507011414
13900,0	99,2574710845947
13950,0	100,545960426331
14000,0	100,043203353882
14050,0	99,2618675231934
14100,0	100,311010837555
14150,0	100,355686664581
14200,0	100,563839912415
14250,0	99,4091215133667
14300,0	99,80433177948
14350,0	100,568524360657
14400,0	99,3588886260986
14450,0	99,2868680953979
14500,0	98,9281787872314
14550,0	100,033641338348
14600,0	99,371545791626
14650,0	98,5474214553833
14700,0	99,2900385856628
14750,0	100,120656013489
14800,0	99,4541172981262
14850,0	98,5501461029053
14900,0	98,3384275436401
14950,0	99,7489895820618
15000,0	98,6608657836914
15050,0	98,0372629165649
15100,0	99,1620483398438
15150,0	98,7109546661377
15200,0	98,1577320098877
15250,0	97,9378995895386
15300,0	98,444281578064
15350,0	98,7180137634277
15400,0	97,4543409347534
15450,0	97,6063508987427
15500,0	98,1755952835083
15550,0	98,3649826049805
15600,0	97,5442810058594
15650,0	97,5534868240356
15700,0	98,5633697509766
15750,0	97,7155046463013
15800,0	96,9400472640991
15850,0	97,5620450973511
15900,0	97,7454471588135
15950,0	97,0127868652344
16000,0	96,15052318573
16050,0	96,9598951339722
16100,0	97,3342704772949
16150,0	95,869535446167
16200,0	96,0022745132446
16250,0	96,6592626571655
16300,0	96,5893115997314
16350,0	95,7945394515991
16400,0	95,6326112747192
16450,0	96,7764348983765
16500,0	96,3253583908081
16550,0	95,2588968276978
16600,0	95,2779169082642
16650,0	95,320200920105
16700,0	95,5169858932495
16750,0	94,5812339782715
16800,0	94,7616310119629
16850,0	96,175820350647
16900,0	95,2570924758911
16950,0	95,3115348815918
17000,0	95,10924243927
17050,0	96,0790195465088
17100,0	95,4287872314453
17150,0	95,3696203231812
17200,0	95,6780672073364
17250,0	96,3709049224854
17300,0	95,2924499511719
17350,0	94,8699359893799
17400,0	95,3448448181152
17450,0	95,706395149231
17500,0	95,1111717224121
17550,0	94,3139247894287
17600,0	95,3862733840942
17650,0	95,2504835128784
17700,0	94,2891702651978
17750,0	93,9942054748535
17800,0	94,1590147018433
17850,0	94,4206819534302
17900,0	93,2322149276733
17950,0	93,584361076355
18000,0	95,0498008728027
