f [MHz]	U [dBuV]
3,1	85,650333404541
3,2	92,97975730896
3,3	92,8774423599243
3,4	92,9182367324829
3,5	93,0187215805054
3,6	93,1261167526245
3,7	93,2039480209351
3,8	93,2320165634155
3,9	93,3292512893677
4,0	93,3745918273926
4,1	93,4595108032227
4,2	93,6233234405518
4,3	93,7684488296509
4,4	93,9108867645264
4,5	94,0586137771606
4,6	95,051628112793
4,7	96,1270589828491
4,8	97,1979064941406
4,9	98,2817134857178
5,0	97,145824432373
5,1	96,0225648880005
5,2	94,8508882522583
5,3	93,6353998184204
5,4	93,5453586578369
5,5	93,432578086853
5,6	93,3240404129028
5,7	93,2007026672363
5,8	93,2540607452393
5,9	93,2293272018433
6,0	93,2585868835449
6,1	93,2378463745117
6,2	93,2201137542725
6,3	93,2584161758423
6,4	93,2191791534424
6,5	93,2050504684448
6,6	93,2328672409058
6,7	93,1809635162354
6,8	93,1818742752075
6,9	93,1338539123535
7,0	93,138069152832
7,1	93,1355571746826
7,2	93,117338180542
7,3	93,0970478057861
7,4	93,0771884918213
7,5	93,0560455322266
7,6	93,0451984405518
7,7	93,0521087646484
7,8	93,0107927322388
7,9	93,03955078125
8,0	93,0131072998047
8,1	92,9944944381714
8,2	92,9173612594604
8,3	92,9479808807373
8,4	92,9291315078735
8,5	92,9557189941406
8,6	92,9261350631714
8,7	92,9004192352295
8,8	92,9326276779175
8,9	92,9009952545166
9,0	92,9321374893188
9,1	92,9542331695557
9,2	92,9109811782837
9,3	92,8043127059937
9,4	92,9572772979736
9,5	92,9869928359985
9,6	93,0099544525146
9,7	92,9848747253418
9,8	93,0069561004639
9,9	93,0228147506714
10,0	93,0407314300537
11,0	93,0385093688965
12,0	93,1101531982422
13,0	93,2090492248535
14,0	93,3044567108154
15,0	93,3605298995972
16,0	93,4072465896606
17,0	93,5538005828857
18,0	93,303617477417
19,0	93,6137571334839
20,0	93,5955171585083
21,0	93,6594123840332
22,0	93,5982666015625
23,0	93,8296136856079
24,0	93,5931310653687
25,0	93,899209022522
26,0	93,5899047851563
27,0	93,8977298736572
28,0	93,5191345214844
29,0	93,7886638641357
30,0	93,7560253143311
31,0	93,8111505508423
32,0	93,7864999771118
33,0	93,8138704299927
34,0	93,7808122634888
35,0	93,70618724823
36,0	93,7326040267944
37,0	93,7298202514648
38,0	93,769416809082
39,0	93,8030023574829
40,0	93,776985168457
41,0	93,7339448928833
42,0	93,717698097229
43,0	93,6372489929199
44,0	93,6801118850708
45,0	93,6737775802612
46,0	93,6459016799927
47,0	93,6323804855347
48,0	93,6694211959839
49,0	93,6548070907593
50,0	93,6257619857788
51,0	93,6163711547852
52,0	93,6176958084106
53,0	93,6339025497437
54,0	93,6419134140015
55,0	93,6541662216187
56,0	93,6511325836182
57,0	93,6526641845703
58,0	93,6544227600098
59,0	93,6416110992432
60,0	93,6342535018921
61,0	93,6149368286133
62,0	93,6006879806519
63,0	93,6363248825073
64,0	93,6215038299561
65,0	93,6377191543579
66,0	93,6302146911621
67,0	93,6382112503052
68,0	93,6195993423462
69,0	93,6111793518066
70,0	93,6138887405396
71,0	93,6149282455444
72,0	93,6020078659058
73,0	93,5564451217651
74,0	93,5550622940063
75,0	93,5641279220581
76,0	93,5731449127197
77,0	93,5772571563721
78,0	93,5822658538818
79,0	93,5775785446167
80,0	93,5740003585815
81,0	93,5283002853394
82,0	93,5321092605591
83,0	93,5414228439331
84,0	93,5430107116699
85,0	93,5419645309448
86,0	93,5515909194946
87,0	93,5594921112061
88,0	93,5624361038208
89,0	93,5611448287964
90,0	93,5564479827881
91,0	93,5704431533813
92,0	93,5691184997559
93,0	93,5616054534912
94,0	93,5580959320068
95,0	93,5652627944946
96,0	93,5720796585083
97,0	93,5698852539063
98,0	93,5139265060425
99,0	93,5141506195068
100,0	93,5200757980347
110,0	93,5270099639893
120,0	93,5481157302856
130,0	93,5443563461304
140,0	93,5517883300781
150,0	93,546046257019
160,0	93,5704145431519
170,0	93,5985593795776
180,0	93,5572547912598
190,0	93,693434715271
200,0	93,6385078430176
210,0	93,5975646972656
220,0	93,5917549133301
230,0	93,7558374404907
240,0	93,6991853713989
250,0	93,7502698898315
260,0	93,7416105270386
270,0	93,6699275970459
280,0	93,6868124008179
290,0	93,6790342330933
300,0	93,6339340209961
310,0	93,7219343185425
320,0	93,6403226852417
330,0	93,6557559967041
340,0	93,7655448913574
350,0	93,7082548141479
360,0	93,8426542282104
370,0	93,812575340271
380,0	93,7100992202759
390,0	93,7754602432251
400,0	93,7337694168091
410,0	93,758677482605
420,0	93,7193326950073
430,0	93,711841583252
440,0	93,7049055099487
450,0	93,6794776916504
460,0	93,6148662567139
470,0	93,5668754577637
480,0	93,5414199829102
490,0	93,5279359817505
500,0	93,5217561721802
510,0	93,6003332138062
520,0	93,5843315124512
530,0	93,6639747619629
540,0	93,6546745300293
550,0	93,7350606918335
560,0	93,7590780258179
570,0	93,7031955718994
580,0	93,6942234039307
590,0	93,6822080612183
600,0	93,6689729690552
610,0	93,7143859863281
620,0	93,6318063735962
630,0	93,6376762390137
640,0	93,6136865615845
650,0	93,6055765151978
660,0	93,6080551147461
670,0	93,6081295013428
680,0	93,6075687408447
690,0	93,6297645568848
700,0	93,5394830703735
710,0	93,5949754714966
720,0	93,6553888320923
730,0	93,6024808883667
740,0	93,6626567840576
750,0	93,6700506210327
760,0	93,6543741226196
770,0	93,5940027236938
780,0	93,5402879714966
790,0	93,6316919326782
800,0	93,6075468063354
810,0	93,5965938568115
820,0	93,6097450256348
830,0	93,5987939834595
840,0	93,5758628845215
850,0	93,5566186904907
860,0	93,5747804641724
870,0	93,583927154541
880,0	93,5597486495972
890,0	93,5736894607544
900,0	93,5545301437378
910,0	93,5932006835938
920,0	93,5869026184082
930,0	93,6004095077515
940,0	93,6027679443359
950,0	93,6531200408936
960,0	93,5733728408813
970,0	93,5800275802612
980,0	93,5509929656982
990,0	93,5820159912109
1000,0	93,6364583969116
1100,0	93,5260562896729
1200,0	93,4159727096558
1300,0	93,3861026763916
1400,0	93,4653816223145
1500,0	93,4960289001465
1600,0	93,4930095672607
1700,0	93,4045438766479
1800,0	93,4009609222412
1900,0	93,3747596740723
2000,0	93,359188079834
2100,0	93,2842969894409
2200,0	93,2820806503296
2300,0	93,3099336624146
2400,0	93,1294059753418
2500,0	93,2577247619629
2600,0	93,2433347702026
2700,0	93,3768177032471
2800,0	93,3801298141479
2900,0	92,9588813781738
3000,0	93,3823356628418
3100,0	93,350757598877
3200,0	93,3774890899658
3300,0	93,295446395874
3400,0	93,3381233215332
3500,0	93,3355159759521
3600,0	93,650598526001
3700,0	93,8607988357544
3800,0	92,7782745361328
3900,0	93,3687019348145
4000,0	92,8967905044556
4100,0	93,0390405654907
4200,0	93,234748840332
4300,0	93,540454864502
4400,0	93,5085401535034
4500,0	93,6542081832886
4600,0	93,8777618408203
4700,0	93,2243328094482
4800,0	93,3599014282227
4900,0	93,9562673568726
5000,0	94,2215375900269
5100,0	93,2967853546143
5200,0	93,195161819458
5300,0	93,3480281829834
5400,0	93,3451528549194
5500,0	93,2341833114624
5600,0	93,1840620040894
5700,0	93,2676019668579
5800,0	92,7687854766846
5900,0	93,3541793823242
6000,0	92,8638172149658
6100,0	93,4051685333252
6200,0	92,9547262191772
6300,0	93,591893196106
6400,0	92,8420286178589
6500,0	93,646764755249
6600,0	93,0776176452637
6700,0	93,7038373947144
6800,0	93,1797866821289
6900,0	93,4563484191895
7000,0	92,9950799942017
7100,0	92,9262456893921
7200,0	92,9745044708252
7300,0	93,2321643829346
7400,0	92,8515281677246
7500,0	92,6085662841797
7600,0	93,0072193145752
7700,0	92,9343280792236
7800,0	92,8879318237305
7900,0	92,1918478012085
8000,0	92,8723793029785
8100,0	92,3252286911011
8200,0	93,4335203170776
8300,0	92,6771688461304
8400,0	93,0256061553955
8500,0	92,6585988998413
8600,0	93,0504236221313
8700,0	92,0777015686035
8800,0	93,3826084136963
8900,0	92,5862188339233
9000,0	93,2481889724731
9100,0	92,2431526184082
9200,0	92,9057931900024
9300,0	92,1327486038208
9400,0	92,6086959838867
9500,0	91,9743957519531
9600,0	92,3040132522583
9700,0	91,5630187988281
9800,0	92,6890001296997
9900,0	92,108229637146
10000,0	92,507303237915
11000,0	92,1359977722168
12000,0	92,7213926315308
13000,0	93,075457572937
14000,0	92,1766109466553
15000,0	91,0312900543213
16000,0	91,0747079849243
17000,0	91,1350250244141
18000,0	91,8496465682983
19000,0	91,9223289489746
20000,0	92,1761894226074
21000,0	91,4091215133667
22000,0	91,2403888702393
23000,0	91,3168182373047
24000,0	88,9207344055176
25000,0	89,8099327087402
26000,0	88,8037624359131
27000,0	89,7943229675293
28000,0	88,4331016540527
29000,0	89,4819488525391
30000,0	93,3890199661255
31000,0	89,3108024597168
32000,0	86,9740982055664
33000,0	89,1532001495361
34000,0	87,9204082489014
35000,0	88,0280170440674
36000,0	79,853385925293
37000,0	86,6827182769775
38000,0	84,0009498596191
39000,0	70,2924652099609
40000,0	83,845890045166
