f [MHz]	U [dBuV]
800,0	95,9156150817871
802,0	117,075066566467
804,0	117,271308898926
806,0	117,528526306152
808,0	117,412858009338
810,0	117,410868644714
812,0	117,34371471405
814,0	117,481091499329
816,0	117,531335830688
818,0	117,474299430847
820,0	117,465968132019
822,0	117,522624969482
824,0	117,543076515198
826,0	117,540070533752
828,0	117,563074111938
830,0	117,600165367126
832,0	117,586031913757
834,0	117,667440414429
836,0	117,696949005127
838,0	117,68407535553
840,0	117,757905960083
842,0	117,744144439697
844,0	117,814359664917
846,0	117,824074745178
848,0	117,819582939148
850,0	117,872698783875
852,0	117,980290412903
854,0	118,018608093262
856,0	117,986492156982
858,0	117,98867225647
860,0	118,074305534363
862,0	118,174865722656
864,0	118,171608924866
866,0	118,173023223877
868,0	118,195224761963
870,0	118,26836681366
872,0	118,279763221741
874,0	118,257883071899
876,0	118,320043563843
878,0	118,297821044922
880,0	118,329048156738
882,0	118,33403301239
884,0	118,338205337524
886,0	118,350625991821
888,0	118,339723587036
890,0	118,321654319763
892,0	118,287982940674
894,0	118,290822029114
896,0	118,260193824768
898,0	118,249836921692
900,0	118,311237335205
902,0	118,317049980164
904,0	118,280158042908
906,0	118,240503311157
908,0	118,282093048096
910,0	118,356187820435
912,0	118,289943695068
914,0	118,208373069763
916,0	118,217222213745
918,0	118,335796356201
920,0	118,394155502319
922,0	118,326672554016
924,0	118,270690917969
926,0	118,328004837036
928,0	118,401257514954
930,0	118,399802207947
932,0	118,298071861267
934,0	118,33155632019
936,0	118,388974189758
938,0	118,438431739807
940,0	118,39550113678
942,0	118,408110618591
944,0	118,477739334106
946,0	118,504517555237
948,0	118,407341957092
950,0	118,43588924408
952,0	118,464653968811
954,0	118,518671035767
956,0	118,517683982849
958,0	118,407256126404
960,0	118,379372596741
962,0	118,427841186523
964,0	118,453597068787
966,0	118,458320617676
968,0	118,413482666016
970,0	118,390675544739
972,0	118,424256324768
974,0	118,436331748962
976,0	118,413582801819
978,0	118,409391403198
980,0	118,389838218689
982,0	118,404829025269
984,0	118,412201881409
986,0	118,399292945862
988,0	118,373270988464
990,0	118,446464538574
992,0	118,436972618103
994,0	118,418541908264
996,0	118,33837890625
998,0	118,349991798401
1000,0	118,361872673035
1010,0	118,33864402771
1020,0	118,342368125916
1030,0	118,296627998352
1040,0	118,324288368225
1050,0	118,268329620361
1060,0	118,231064796448
1070,0	118,175916671753
1080,0	118,171439170837
1090,0	118,170636177063
1100,0	118,163097381592
1110,0	118,129632949829
1120,0	118,152424812317
1130,0	118,106177330017
1140,0	117,870994567871
1150,0	117,898536682129
1160,0	117,995825767517
1170,0	117,987341880798
1180,0	117,965353965759
1190,0	117,975071907043
1200,0	117,984349250793
1210,0	117,972124099731
1220,0	117,965520858765
1230,0	117,96706867218
1240,0	117,94846534729
1250,0	117,954909324646
1260,0	117,913336753845
1270,0	117,870740890503
1280,0	117,884383201599
1290,0	117,945475578308
1300,0	117,948446273804
1310,0	117,949707984924
1320,0	117,934986114502
1330,0	117,887278556824
1340,0	117,888544082642
1350,0	117,864319801331
1360,0	117,854771614075
1370,0	117,772181510925
1380,0	117,833597183228
1390,0	117,840008735657
1400,0	117,800852775574
1410,0	117,850496292114
1420,0	117,85057926178
1430,0	117,785872459412
1440,0	117,779187202454
1450,0	117,749967575073
1460,0	117,694082260132
1470,0	117,71059513092
1480,0	117,793449401855
1490,0	117,678207397461
1500,0	117,671648979187
1510,0	117,680253982544
1520,0	117,708961486816
1530,0	117,666343688965
1540,0	117,703340530396
1550,0	117,695468902588
1560,0	117,606674194336
1570,0	117,583943367004
1580,0	117,563819885254
1590,0	117,517019271851
1600,0	117,480128288269
1610,0	117,52719783783
1620,0	117,517510414124
1630,0	117,458206176758
1640,0	117,479166984558
1650,0	117,475043296814
1660,0	117,428163528442
1670,0	117,380836486816
1680,0	117,425553321838
1690,0	117,333662986755
1700,0	117,335975646973
1710,0	117,369859695435
1720,0	117,459512710571
1730,0	117,357578277588
1740,0	117,336035728455
1750,0	117,324900627136
1760,0	117,315415382385
1770,0	117,333327293396
1780,0	117,307180404663
1790,0	117,259840011597
1800,0	117,257092475891
1810,0	117,203804969788
1820,0	117,10701751709
1830,0	117,124519348145
1840,0	117,102889060974
1850,0	117,080978393555
1860,0	117,107931137085
1870,0	117,151327133179
1880,0	117,103743553162
1890,0	117,114950180054
1900,0	117,145425796509
1910,0	117,127694129944
1920,0	117,122787475586
1930,0	117,040011405945
1940,0	116,878184318542
1950,0	116,807646751404
1960,0	116,94624042511
1970,0	117,00168132782
1980,0	116,904404640198
1990,0	116,942199707031
2000,0	116,92632484436
2010,0	116,889219284058
2020,0	116,999341011047
2030,0	116,973292350769
2040,0	116,967764854431
2050,0	116,913946151733
2060,0	116,876626968384
2070,0	116,859407424927
2080,0	116,80527973175
2090,0	116,816846847534
2100,0	116,767512321472
2110,0	116,741394042969
2120,0	116,717580795288
2130,0	116,702361106873
2140,0	116,699097633362
2150,0	116,626294136047
2160,0	116,650115013123
2170,0	116,660873413086
2180,0	116,55433177948
2190,0	116,635317802429
2200,0	116,651220321655
2210,0	116,608901977539
2220,0	116,664769172668
2230,0	116,658257484436
2240,0	116,635257720947
2250,0	116,598961830139
2260,0	116,582401275635
2270,0	116,597826957703
2280,0	116,4282579422
2290,0	116,400912284851
2300,0	116,283535003662
2310,0	116,283400535584
2320,0	116,28687953949
2330,0	116,32781124115
2340,0	116,404444694519
2350,0	116,418727874756
2360,0	116,317246437073
2370,0	116,314732551575
2380,0	116,328639984131
2390,0	116,320471763611
2400,0	116,327295303345
2410,0	116,329931259155
2420,0	116,394165039063
2430,0	116,315670013428
2440,0	116,351826667786
2450,0	116,324419021606
2460,0	116,34601020813
2470,0	116,324106216431
2480,0	116,321049690247
2490,0	116,351491928101
2500,0	116,331764221191
2510,0	116,357648849487
2520,0	116,267510414124
2530,0	116,173059463501
2540,0	116,225386619568
2550,0	116,226351737976
2560,0	116,199207305908
2570,0	116,254456520081
2580,0	116,16151714325
2590,0	116,167547225952
2600,0	116,139230728149
2610,0	116,080309867859
2620,0	116,074272155762
2630,0	116,026944160461
2640,0	116,0333070755
2650,0	116,047160148621
2660,0	116,052695274353
2670,0	115,995104789734
2680,0	115,984582901001
2690,0	115,998244285584
2700,0	115,929786682129
2710,0	115,920133590698
2720,0	115,838923454285
2730,0	115,717130661011
2740,0	115,716691017151
2750,0	115,673340797424
2760,0	115,700799942017
2770,0	115,654260635376
2780,0	115,628997802734
2790,0	115,675680160522
2800,0	115,647439956665
2810,0	115,608141899109
2820,0	115,648922920227
2830,0	115,593411445618
2840,0	115,651887893677
2850,0	115,639687538147
2860,0	115,665449142456
2870,0	115,761748313904
2880,0	115,710012435913
2890,0	115,706022262573
2900,0	115,762196540833
2910,0	115,749730110168
2920,0	115,754566192627
2930,0	115,74813079834
2940,0	115,629920959473
2950,0	115,550833702087
2960,0	115,548691749573
2970,0	115,585201263428
2980,0	115,547203063965
2990,0	115,544736862183
3000,0	115,510992050171
3050,0	115,485013008118
3100,0	115,394729614258
3150,0	115,171220779419
3200,0	115,004450798035
3250,0	114,886919975281
3300,0	114,886394023895
3350,0	114,825385093689
3400,0	114,725224494934
3450,0	114,799242973328
3500,0	114,700721740723
3550,0	114,640090942383
3600,0	115,274808883667
3650,0	114,93065404892
3700,0	114,110880374908
3750,0	113,753599643707
3800,0	114,189954280853
3850,0	114,041777133942
3900,0	113,46271276474
3950,0	113,299781322479
4000,0	113,574447154999
4050,0	113,572690010071
4100,0	113,413770198822
4150,0	113,778576374054
4200,0	113,957769870758
4250,0	114,139426231384
4300,0	114,083836555481
4350,0	114,079561233521
4400,0	114,379371643066
4450,0	114,115433216095
4500,0	114,065626144409
4550,0	114,233686923981
4600,0	114,292150497437
4650,0	113,571789741516
4700,0	113,527252197266
4750,0	113,81903553009
4800,0	113,977759838104
4850,0	114,225165843964
4900,0	114,175819396973
4950,0	114,118489265442
5000,0	113,429809093475
5050,0	113,062242031097
5100,0	113,238803863525
5150,0	112,830109119415
5200,0	112,647492408752
5250,0	112,664785861969
5300,0	112,715162277222
5350,0	112,673031330109
5400,0	112,140007972717
5450,0	112,384860992432
5500,0	112,494588375092
5550,0	112,567205905914
5600,0	111,814575195313
5650,0	112,267674446106
5700,0	112,412073612213
5750,0	111,779368400574
5800,0	111,813581943512
5850,0	111,93555355072
5900,0	111,999721050262
5950,0	111,512930870056
6000,0	111,60787820816
6050,0	111,88451051712
6100,0	112,088318824768
6150,0	111,810309886932
6200,0	111,372256278992
6250,0	112,063004970551
6300,0	111,672454833984
6350,0	111,058101654053
6400,0	111,546230316162
6450,0	111,663208961487
6500,0	111,107332706451
6550,0	111,042129039764
6600,0	111,248391628265
6650,0	111,16886806488
6700,0	110,797922849655
6750,0	110,788901805878
6800,0	110,775099992752
6850,0	110,854641914368
6900,0	109,95693731308
6950,0	109,941752672195
7000,0	110,384590387344
7050,0	109,57901930809
7100,0	109,586952447891
7150,0	109,098233222961
7200,0	109,066869497299
7250,0	108,77774143219
7300,0	108,188164234161
7350,0	108,423005104065
7400,0	108,701866984367
7450,0	108,033772468567
7500,0	108,143381118774
7550,0	108,347316503525
7600,0	108,985262393951
7650,0	108,316720128059
7700,0	108,256706833839
7750,0	108,176880121231
7800,0	108,132070064545
7850,0	107,905243456364
7900,0	106,977501263842
7950,0	107,528913319111
8000,0	107,542533159256
8050,0	106,83003090322
8100,0	107,318126678467
8150,0	107,854654669762
8200,0	107,472320139408
8250,0	106,862449139357
8300,0	107,108969524503
8350,0	107,281737953424
8400,0	79,7210235595703
8450,0	106,844585880637
8500,0	106,065796554089
8550,0	106,520158976316
8600,0	106,191644310951
8650,0	105,256486535072
8700,0	105,533861041069
8750,0	106,516924291849
8800,0	105,757873773575
8850,0	105,609686970711
8900,0	105,983773827553
8950,0	106,30866008997
9000,0	105,456438779831
9050,0	105,097116947174
9100,0	105,464553356171
9150,0	105,370097994804
9200,0	104,624279975891
9250,0	104,177133083344
9300,0	104,922028303146
9350,0	105,034371733665
9400,0	103,811411857605
9450,0	104,226984500885
9500,0	104,025336027145
9550,0	104,643577337265
9600,0	103,388235092163
9650,0	103,657193899155
9700,0	104,882240056992
9750,0	105,191071748734
9800,0	104,343949556351
9850,0	104,263079881668
9900,0	105,445741772652
9950,0	104,961611032486
10000,0	103,975675344467
10050,0	104,305834531784
10100,0	105,03111076355
10150,0	104,142821073532
10200,0	103,75191116333
10250,0	104,402923583984
10300,0	105,161591172218
10350,0	104,239048480988
10400,0	104,104983329773
10450,0	104,327965974808
10500,0	104,870324134827
10550,0	104,43433713913
10600,0	103,866321563721
10650,0	104,284155607224
10700,0	104,3761241436
10750,0	103,892976284027
10800,0	103,716537237167
10850,0	103,94898223877
10900,0	104,165366411209
10950,0	103,549387216568
11000,0	103,687064886093
11050,0	104,279399394989
11100,0	103,966859340668
11150,0	103,671088218689
11200,0	103,435249090195
11250,0	103,964575767517
11300,0	103,954083204269
11350,0	102,944170951843
11400,0	103,22257566452
11450,0	103,570349931717
11500,0	103,171754598618
11550,0	102,864030838013
11600,0	102,668934345245
11650,0	104,356141805649
11700,0	103,607559919357
11750,0	103,240030288696
11800,0	103,707686662674
11850,0	103,663913965225
11900,0	103,101821184158
11950,0	101,618295192719
12000,0	102,756293296814
12050,0	103,174688816071
12100,0	101,945847034454
12150,0	101,960981845856
12200,0	102,115060806274
12250,0	102,908123016357
12300,0	101,953435897827
12350,0	101,568775177002
12400,0	102,099173545837
12450,0	102,412910938263
12500,0	101,512060165405
12550,0	101,289419651031
12600,0	101,512401580811
12650,0	101,810399055481
12700,0	100,820103168488
12750,0	100,612893104553
12800,0	100,882279396057
12850,0	100,899389266968
12900,0	100,086006641388
12950,0	100,783823013306
13000,0	101,396841526031
13050,0	100,688047409058
13100,0	100,593991756439
13150,0	100,418057441711
13200,0	101,048518180847
13250,0	99,9521698951721
13300,0	99,8705224990845
13350,0	100,071457386017
13400,0	99,8999366760254
13450,0	100,219233512878
13500,0	99,6458096504211
13550,0	100,021308422089
13600,0	100,600102424622
13650,0	99,8023085594177
13700,0	99,6650075912476
13750,0	100,462300300598
13800,0	100,702143669128
13850,0	99,8767313957214
13900,0	99,4254555702209
13950,0	100,671554088593
14000,0	100,155964374542
14050,0	99,7053670883179
14100,0	100,435360908508
14150,0	100,63215637207
14200,0	100,908028125763
14250,0	99,9702010154724
14300,0	100,408950328827
14350,0	101,477598667145
14400,0	100,147700786591
14450,0	100,417665958405
14500,0	100,019374847412
14550,0	101,117706775665
14600,0	100,797466754913
14650,0	99,752799987793
14700,0	100,696168422699
14750,0	101,321663379669
14800,0	100,842465877533
14850,0	100,2171626091
14900,0	99,9037404060364
14950,0	101,455766677856
15000,0	100,511271953583
15050,0	99,6734056472778
15100,0	101,24142742157
15150,0	100,649512767792
15200,0	100,072154521942
15250,0	100,140305519104
15300,0	100,285854816437
15350,0	100,990079879761
15400,0	99,6861119270325
15450,0	99,7580695152283
15500,0	100,871675491333
15550,0	100,496144294739
15600,0	100,531662464142
15650,0	99,9563188552856
15700,0	92,1683435440063
15750,0	101,026209831238
15800,0	99,3870143890381
15850,0	100,742553710938
15900,0	100,827104568481
15950,0	99,8763675689697
16000,0	99,7544665336609
16050,0	99,9739441871643
16100,0	100,847564697266
16150,0	99,5327296257019
16200,0	99,3318047523499
16250,0	100,426863670349
16300,0	99,9937753677368
16350,0	99,4685735702515
16400,0	99,3614764213562
16450,0	100,221381187439
16500,0	100,447850227356
16550,0	98,6406602859497
16600,0	99,0869827270508
16650,0	99,2954626083374
16700,0	99,0373010635376
16750,0	98,5830411911011
16800,0	98,7694311141968
16850,0	99,597975730896
16900,0	99,6045455932617
16950,0	98,4826498031616
17000,0	99,3237276077271
17050,0	99,2750401496887
17100,0	99,1648001670837
17150,0	98,4608020782471
17200,0	99,1559476852417
17250,0	99,9174733161926
17300,0	98,9441165924072
17350,0	98,2483224868774
17400,0	99,2576990127563
17450,0	99,0923891067505
17500,0	98,3004474639893
17550,0	97,8143968582153
17600,0	97,9406824111938
17650,0	98,581506729126
17700,0	96,3926677703857
17750,0	96,4056024551392
17800,0	96,3240232467651
17850,0	96,1482944488525
17900,0	95,3301982879639
17950,0	94,8945407867432
18000,0	96,3830976486206
