f [MHz]	U [dBuV]
800,0	91,9553155899048
802,0	117,039349555969
804,0	117,178086280823
806,0	117,301419258118
808,0	117,273464202881
810,0	117,162596702576
812,0	117,039844512939
814,0	117,075203895569
816,0	117,074511528015
818,0	117,041670799255
820,0	117,032341957092
822,0	117,031894683838
824,0	117,042984962463
826,0	117,054420471191
828,0	117,078277587891
830,0	117,106519699097
832,0	117,134501457214
834,0	117,261770248413
836,0	117,32014465332
838,0	117,305891990662
840,0	117,435612678528
842,0	117,476017951965
844,0	117,602731704712
846,0	117,663210868835
848,0	117,725383758545
850,0	117,82399559021
852,0	117,994749069214
854,0	118,109127044678
856,0	118,130181312561
858,0	118,119337081909
860,0	118,221837997437
862,0	118,362692832947
864,0	118,41868686676
866,0	118,390105247498
868,0	118,396339416504
870,0	118,478507995605
872,0	118,534440040588
874,0	118,51446723938
876,0	118,573271751404
878,0	118,602983474731
880,0	118,683544158936
882,0	118,673040390015
884,0	118,703065872192
886,0	118,765600204468
888,0	118,819394111633
890,0	118,815140724182
892,0	118,762138366699
894,0	118,802031517029
896,0	118,843043327332
898,0	118,843500137329
900,0	118,896171569824
902,0	118,931490898132
904,0	118,931507110596
906,0	118,934450149536
908,0	118,967635154724
910,0	119,059350013733
912,0	119,096013069153
914,0	119,036826133728
916,0	119,034029960632
918,0	119,154816627502
920,0	119,262309074402
922,0	119,277789115906
924,0	119,206421852112
926,0	119,243781089783
928,0	119,315728187561
930,0	119,362782478333
932,0	119,280137062073
934,0	119,292857170105
936,0	119,338668823242
938,0	119,401272773743
940,0	119,397236824036
942,0	119,36515712738
944,0	119,423034667969
946,0	119,44237613678
948,0	119,37363910675
950,0	119,386140823364
952,0	119,315749168396
954,0	119,425312042236
956,0	119,469575881958
958,0	119,376550674438
960,0	119,327669143677
962,0	119,347739219666
964,0	119,388843536377
966,0	119,414168357849
968,0	119,392087936401
970,0	119,348838806152
972,0	119,382146835327
974,0	119,390524864197
976,0	119,404062271118
978,0	119,390988349915
980,0	119,374885559082
982,0	119,384567260742
984,0	119,408639907837
986,0	119,39954662323
988,0	119,371144294739
990,0	119,448092460632
992,0	119,447373390198
994,0	119,439591407776
996,0	119,350606918335
998,0	119,331645965576
1000,0	119,381658554077
1010,0	119,367202758789
1020,0	119,384744644165
1030,0	119,331848144531
1040,0	119,340932846069
1050,0	119,297401428223
1060,0	119,244192123413
1070,0	119,177453994751
1080,0	119,156299591064
1090,0	119,174482345581
1100,0	119,149010658264
1110,0	119,127728462219
1120,0	119,150429725647
1130,0	119,088019371033
1140,0	118,886194229126
1150,0	118,935422897339
1160,0	119,070022583008
1170,0	119,06680393219
1180,0	119,043676376343
1190,0	119,044533729553
1200,0	119,038336753845
1210,0	119,039907455444
1220,0	118,994823455811
1230,0	118,984758377075
1240,0	118,987086296082
1250,0	118,9630651474
1260,0	118,921273231506
1270,0	118,891045570374
1280,0	118,860614776611
1290,0	118,884525299072
1300,0	118,884516716003
1310,0	118,860848426819
1320,0	118,859214782715
1330,0	118,864659309387
1340,0	118,840342521667
1350,0	118,853001594543
1360,0	118,865097999573
1370,0	118,827646255493
1380,0	118,895915031433
1390,0	118,900065422058
1400,0	118,870209693909
1410,0	118,872884750366
1420,0	118,848391532898
1430,0	118,790260314941
1440,0	118,768301963806
1450,0	118,745827674866
1460,0	118,677728652954
1470,0	118,653026580811
1480,0	118,748118400574
1490,0	118,59460735321
1500,0	118,602877616882
1510,0	118,520468711853
1520,0	118,515186309814
1530,0	118,487111091614
1540,0	118,54443359375
1550,0	118,548279762268
1560,0	118,49279499054
1570,0	116,647783279419
1580,0	118,455773353577
1590,0	118,400404930115
1600,0	118,358703613281
1610,0	118,354432106018
1620,0	118,229356765747
1630,0	118,174369812012
1640,0	118,225044250488
1650,0	118,252512931824
1660,0	118,221044540405
1670,0	118,210217475891
1680,0	118,267107009888
1690,0	118,22572517395
1700,0	118,23068523407
1710,0	118,246978759766
1720,0	118,261551856995
1730,0	118,169514656067
1740,0	118,131776809692
1750,0	118,106151580811
1760,0	118,128503799438
1770,0	118,104768753052
1780,0	118,098672866821
1790,0	118,142848014832
1800,0	118,181615829468
1810,0	118,149189949036
1820,0	118,07829284668
1830,0	118,114454269409
1840,0	118,115626335144
1850,0	118,103675842285
1860,0	118,144574165344
1870,0	118,170920372009
1880,0	118,112005233765
1890,0	118,155838012695
1900,0	118,143841743469
1910,0	118,096973419189
1920,0	118,086538314819
1930,0	117,95245552063
1940,0	117,766186714172
1950,0	117,616222381592
1960,0	117,729114532471
1970,0	117,719874382019
1980,0	117,557559013367
1990,0	117,5567445755
2000,0	117,50306892395
2010,0	117,381428718567
2020,0	117,414601325989
2030,0	117,380521774292
2040,0	117,346957206726
2050,0	117,364315032959
2060,0	117,338355064392
2070,0	117,332647323608
2080,0	117,286151885986
2090,0	117,347144126892
2100,0	117,28125667572
2110,0	117,265242576599
2120,0	117,2436876297
2130,0	117,227643013
2140,0	117,238698959351
2150,0	117,229426383972
2160,0	117,275736808777
2170,0	117,307332992554
2180,0	117,214617729187
2190,0	117,288112640381
2200,0	117,319467544556
2210,0	117,261682510376
2220,0	117,305283546448
2230,0	117,364367485046
2240,0	117,375821113586
2250,0	117,3634557724
2260,0	117,367930412292
2270,0	117,3015832901
2280,0	117,176866531372
2290,0	117,132209777832
2300,0	117,002764701843
2310,0	117,039505004883
2320,0	117,041847229004
2330,0	117,08757019043
2340,0	117,127319335938
2350,0	117,142735481262
2360,0	117,014936447144
2370,0	116,970593452454
2380,0	117,009469032288
2390,0	116,985432624817
2400,0	116,960020065308
2410,0	116,930067062378
2420,0	116,938115119934
2430,0	116,808130264282
2440,0	116,824118614197
2450,0	116,753931999207
2460,0	116,797255516052
2470,0	116,809778213501
2480,0	116,8177318573
2490,0	116,813309669495
2500,0	116,76807975769
2510,0	116,802620887756
2520,0	116,681071281433
2530,0	116,557465553284
2540,0	116,60050868988
2550,0	116,611869812012
2560,0	116,583875656128
2570,0	116,725656509399
2580,0	116,659973144531
2590,0	116,637991905212
2600,0	116,636768341064
2610,0	116,554309844971
2620,0	116,511303901672
2630,0	116,435178756714
2640,0	116,468598365784
2650,0	116,531672477722
2660,0	116,522482872009
2670,0	116,465020179749
2680,0	116,428161621094
2690,0	116,42520236969
2700,0	116,431412696838
2710,0	116,466542243958
2720,0	116,420007705688
2730,0	116,306512832642
2740,0	116,370581626892
2750,0	116,300423622131
2760,0	116,299565315247
2770,0	116,247595787048
2780,0	116,135751724243
2790,0	116,166312217712
2800,0	116,22555065155
2810,0	116,201786994934
2820,0	116,183571815491
2830,0	116,197881698608
2840,0	116,21879863739
2850,0	116,140110015869
2860,0	116,112524032593
2870,0	116,16038608551
2880,0	116,095430374146
2890,0	116,07243347168
2900,0	116,155922889709
2910,0	116,150409698486
2920,0	116,174028396606
2930,0	116,166122436523
2940,0	116,018718719482
2950,0	115,87561416626
2960,0	115,816078186035
2970,0	115,827319145203
2980,0	115,734323501587
2990,0	115,631683349609
3000,0	115,531028747559
3050,0	115,467003822327
3100,0	115,272314071655
3150,0	114,618772029877
3200,0	114,558022975922
3250,0	114,044998168945
3300,0	114,508846759796
3350,0	113,918617725372
3400,0	114,346367359161
3450,0	113,936752319336
3500,0	114,078307628632
3550,0	113,788496494293
3600,0	114,456350326538
3650,0	114,154715538025
3700,0	113,308074474335
3750,0	112,84864616394
3800,0	113,397778511047
3850,0	113,142536640167
3900,0	112,520642280579
3950,0	112,19393157959
4000,0	112,409059524536
4050,0	112,175450325012
4100,0	112,27750825882
4150,0	112,302947998047
4200,0	112,541644573212
4250,0	112,613884449005
4300,0	112,572243213654
4350,0	113,019727706909
4400,0	113,375348091125
4450,0	113,521789073944
4500,0	113,542520046234
4550,0	113,928398132324
4600,0	113,862684249878
4650,0	113,010930538177
4700,0	113,118992328644
4750,0	112,946472167969
4800,0	113,11971282959
4850,0	113,06628370285
4900,0	113,077399730682
4950,0	113,251480102539
5000,0	112,552652835846
5050,0	112,160895824432
5100,0	112,628177642822
5150,0	112,148543357849
5200,0	112,098372459412
5250,0	111,887768268585
5300,0	112,144759654999
5350,0	111,640232086182
5400,0	111,212948322296
5450,0	110,824329137802
5500,0	111,343534946442
5550,0	110,851094484329
5600,0	111,019162654877
5650,0	110,910842418671
5700,0	111,977227687836
5750,0	110,993489980698
5800,0	111,856697559357
5850,0	111,637670516968
5900,0	111,367418289185
5950,0	110,928168773651
6000,0	110,875067472458
6050,0	111,071343898773
6100,0	110,938064813614
6150,0	110,786597251892
6200,0	110,704085826874
6250,0	111,12585735321
6300,0	110,750804901123
6350,0	110,341236829758
6400,0	110,84702372551
6450,0	111,051237106323
6500,0	110,449095010757
6550,0	110,691003084183
6600,0	110,563815355301
6650,0	111,231614112854
6700,0	110,536311149597
6750,0	110,334352731705
6800,0	110,573771238327
6850,0	110,38220500946
6900,0	109,746751785278
6950,0	109,64794588089
7000,0	109,750440835953
7050,0	109,414987802505
7100,0	109,004391431808
7150,0	108,863764643669
7200,0	109,289598226547
7250,0	108,52138698101
7300,0	108,391040444374
7350,0	107,960615754128
7400,0	108,514090657234
7450,0	107,325001984835
7500,0	107,177249237895
7550,0	107,480463564396
7600,0	107,401805132627
7650,0	107,214045211673
7700,0	106,740265518427
7750,0	107,089176669717
7800,0	106,98527071625
7850,0	106,795342624187
7900,0	106,401452243328
7950,0	106,571571946144
8000,0	107,035715293139
8050,0	106,094877839088
8100,0	106,276181638241
8150,0	106,958354268223
8200,0	106,532845616341
8250,0	105,987909793854
8300,0	106,454896986485
8350,0	106,383860826492
8400,0	106,838741227984
8450,0	106,248756170273
8500,0	105,747023701668
8550,0	106,42443883419
8600,0	105,71577167511
8650,0	105,060032248497
8700,0	105,398423910141
8750,0	106,293103218079
8800,0	105,816525697708
8850,0	105,482830762863
8900,0	105,946255922318
8950,0	106,348380446434
9000,0	105,395731210709
9050,0	105,170134425163
9100,0	105,503705143929
9150,0	105,33095729351
9200,0	104,420780658722
9250,0	104,031352043152
9300,0	105,049402117729
9350,0	104,604786157608
9400,0	103,928532361984
9450,0	103,753632307053
9500,0	104,126858234406
9550,0	104,02380490303
9600,0	103,334169864655
9650,0	102,954147815704
9700,0	104,577480316162
9750,0	104,34251999855
9800,0	103,867522954941
9850,0	103,640134334564
9900,0	104,809372663498
9950,0	104,575905799866
10000,0	103,452549219131
10050,0	104,142875671387
10100,0	104,753314256668
10150,0	104,369498491287
10200,0	103,691341876984
10250,0	104,814556121826
10300,0	104,977357387543
10350,0	104,806147575378
10400,0	103,901435136795
10450,0	104,976470470428
10500,0	104,770656108856
10550,0	104,820145130157
10600,0	104,111820220947
10650,0	104,663840055466
10700,0	104,96578502655
10750,0	104,285235643387
10800,0	104,239663124084
10850,0	104,593997478485
10900,0	104,577822208405
10950,0	103,98047041893
11000,0	103,920057058334
11050,0	104,313473463058
11100,0	104,052138566971
11150,0	103,18982219696
11200,0	103,526253461838
11250,0	103,764647483826
11300,0	103,707668066025
11350,0	103,061672687531
11400,0	102,901403427124
11450,0	103,749267339706
11500,0	100,726092815399
11550,0	102,595665454865
11600,0	102,40553188324
11650,0	103,206327676773
11700,0	103,092751264572
11750,0	102,312349319458
11800,0	103,167580366135
11850,0	103,204862833023
11900,0	102,387328147888
11950,0	101,520390510559
12000,0	102,066462516785
12050,0	103,151691436768
12100,0	101,763648986816
12150,0	101,799071788788
12200,0	102,370373249054
12250,0	103,072756767273
12300,0	102,489727497101
12350,0	102,180240154266
12400,0	102,477497577667
12450,0	102,888132095337
12500,0	101,795993328094
12550,0	101,611104488373
12600,0	101,930229663849
12650,0	102,037267684937
12700,0	101,140418052673
12750,0	100,723908424377
12800,0	101,388700008392
12850,0	101,166940689087
12900,0	100,337928295136
12950,0	100,620657920837
13000,0	101,323062419891
13050,0	100,274158477783
13100,0	99,980329990387
13150,0	99,5450782775879
13200,0	99,7415447235107
13250,0	98,8458738327026
13300,0	98,4437160491943
13350,0	99,0310111045837
13400,0	98,5749216079712
13450,0	98,9380121231079
13500,0	98,0572509765625
13550,0	97,995623588562
13600,0	98,427773475647
13650,0	97,3809108734131
13700,0	97,1632070541382
13750,0	98,0455207824707
13800,0	98,2189769744873
13850,0	97,5652770996094
13900,0	97,3927211761475
13950,0	98,2908506393433
14000,0	97,8764095306396
14050,0	97,0135288238525
14100,0	98,0820112228394
14150,0	98,1164207458496
14200,0	98,5862903594971
14250,0	97,7254581451416
14300,0	98,0738792419434
14350,0	98,711030960083
14400,0	97,3685779571533
14450,0	97,2149515151978
14500,0	96,9395294189453
14550,0	98,0564231872559
14600,0	97,8829612731934
14650,0	97,0083274841309
14700,0	98,1392984390259
14750,0	98,4352874755859
14800,0	97,9496145248413
14850,0	96,5819845199585
14900,0	96,2461843490601
14950,0	97,6751432418823
15000,0	96,4986953735352
15050,0	96,0698871612549
15100,0	97,1033954620361
15150,0	96,7981872558594
15200,0	95,9577350616455
15250,0	95,9728155136108
15300,0	96,2279577255249
15350,0	96,6165704727173
15400,0	95,372576713562
15450,0	95,6766481399536
15500,0	96,1166114807129
15550,0	96,4388103485107
15600,0	95,4930152893066
15650,0	95,3802175521851
15700,0	96,5841217041016
15750,0	95,5947799682617
15800,0	95,2009906768799
15850,0	95,6409196853638
15900,0	96,0507383346558
15950,0	95,2983989715576
16000,0	94,642204284668
16050,0	95,4765224456787
16100,0	95,9984569549561
16150,0	94,6188125610352
16200,0	94,8531646728516
16250,0	95,3945779800415
16300,0	95,4657344818115
16350,0	94,4194002151489
16400,0	94,1801118850708
16450,0	95,0099964141846
16500,0	94,5452404022217
16550,0	93,4469928741455
16600,0	93,6725788116455
16650,0	93,6847333908081
16700,0	93,8956842422485
16750,0	92,8984222412109
16800,0	92,7675886154175
16850,0	94,0623960494995
16900,0	92,8879804611206
16950,0	92,9319114685059
17000,0	92,8380393981934
17050,0	93,716552734375
17100,0	93,2548532485962
17150,0	92,983362197876
17200,0	93,3595933914185
17250,0	93,5546627044678
17300,0	92,4981250762939
17350,0	91,8908662796021
17400,0	92,6483602523804
17450,0	93,0558080673218
17500,0	92,7803411483765
17550,0	92,2228574752808
17600,0	93,5100536346436
17650,0	93,3639850616455
17700,0	92,3607053756714
17750,0	91,8822593688965
17800,0	91,6085376739502
17850,0	92,2329244613647
17900,0	91,0442695617676
17950,0	91,4063386917114
18000,0	92,9829711914063
