f [MHz]	U [dBuV]
3,1	82,9144973754883
3,2	92,9731492996216
3,3	92,8666687011719
3,4	92,9103689193726
3,5	93,0089626312256
3,6	93,1144914627075
3,7	93,1932182312012
3,8	93,2204217910767
3,9	93,3157157897949
4,0	93,3611602783203
4,1	93,4463539123535
4,2	93,6092853546143
4,3	93,7553386688232
4,4	93,8984670639038
4,5	94,0412139892578
4,6	95,0383892059326
4,7	96,1155996322632
4,8	96,1155996322632
4,9	98,2727928161621
5,0	97,1384077072144
5,1	96,0112991333008
5,2	94,8393526077271
5,3	93,6263570785522
5,4	93,5356369018555
5,5	93,4253673553467
5,6	93,316951751709
5,7	93,1901769638062
5,8	93,2459831237793
5,9	93,2182397842407
6,0	93,2479867935181
6,1	93,2272987365723
6,2	93,2134265899658
6,3	93,2488870620728
6,4	93,2095232009888
6,5	93,1921968460083
6,6	93,2237157821655
6,7	93,1714735031128
6,8	93,1714735031128
6,9	93,0959625244141
7,0	93,0993614196777
7,1	93,0988883972168
7,2	93,0791597366333
7,3	93,0600004196167
7,4	93,0407390594482
7,5	93,0185012817383
7,6	93,0053777694702
7,7	93,0134744644165
7,8	92,9745092391968
7,9	93,0023832321167
8,0	92,9759683609009
8,1	92,9542713165283
8,2	92,8881101608276
8,3	92,9196262359619
8,4	92,8972101211548
8,5	92,928165435791
8,6	92,8942203521729
8,7	92,8669652938843
8,8	92,9013195037842
8,9	92,8663845062256
9,0	92,89914894104
9,1	92,9212064743042
9,2	92,936598777771
9,3	92,9035863876343
9,4	92,925669670105
9,5	92,9562320709229
9,6	92,9765357971191
9,7	92,9509248733521
9,8	92,9728393554688
9,9	92,9904727935791
10,0	93,0089569091797
11,0	93,002890586853
12,0	93,0791749954224
13,0	93,1746320724487
14,0	93,2708644866943
15,0	93,3278036117554
16,0	93,3745069503784
17,0	93,5490970611572
18,0	93,2976903915405
19,0	93,6086864471436
20,0	93,5909452438354
21,0	93,6544284820557
22,0	93,5927667617798
23,0	93,8221483230591
24,0	93,5870275497437
25,0	93,892333984375
26,0	93,58225440979
27,0	93,8904905319214
28,0	93,5102558135986
29,0	93,7776050567627
30,0	93,7457590103149
31,0	93,8026762008667
32,0	93,8026762008667
33,0	93,8069343566895
34,0	93,7732973098755
35,0	93,6989622116089
36,0	93,6989622116089
37,0	93,7252626419067
38,0	93,7650127410889
39,0	93,7995843887329
40,0	93,7745771408081
41,0	93,7319869995117
42,0	93,7146701812744
43,0	93,6351099014282
44,0	93,6785516738892
45,0	93,674036026001
46,0	93,6464338302612
47,0	93,6332101821899
48,0	93,6690311431885
49,0	93,6553802490234
50,0	93,6264457702637
51,0	93,6198749542236
52,0	93,6199398040771
53,0	93,6372556686401
54,0	93,6449642181396
55,0	93,658350944519
56,0	93,6548290252686
57,0	93,6576099395752
58,0	93,6589202880859
59,0	93,6442575454712
60,0	93,6389493942261
61,0	93,620062828064
62,0	93,6049385070801
63,0	93,6423273086548
64,0	93,6257934570313
65,0	93,6429653167725
66,0	93,6429653167725
67,0	93,6420488357544
68,0	93,6246662139893
69,0	93,6157321929932
70,0	93,6180572509766
71,0	93,6211881637573
72,0	93,6099262237549
73,0	93,5635242462158
74,0	93,5643501281738
75,0	93,57190990448
76,0	93,5816116333008
77,0	93,5853824615479
78,0	93,5900850296021
79,0	93,5863094329834
80,0	93,5849227905273
81,0	93,5378532409668
82,0	93,5413084030151
83,0	93,5512285232544
84,0	93,5538244247437
85,0	93,5528583526611
86,0	93,5612392425537
87,0	93,5689563751221
88,0	93,5718431472778
89,0	93,5713911056519
90,0	93,5660600662231
91,0	93,5786819458008
92,0	93,5774393081665
93,0	93,5723066329956
94,0	93,5692148208618
95,0	93,5765552520752
96,0	93,5813913345337
97,0	93,5781354904175
98,0	93,5234308242798
99,0	93,523229598999
100,0	93,5311326980591
110,0	93,5362739562988
120,0	93,5572834014893
130,0	93,5544853210449
140,0	93,5610036849976
150,0	93,5549020767212
160,0	93,5797710418701
170,0	93,5797710418701
180,0	93,5654125213623
190,0	93,5654125213623
200,0	93,5654125213623
210,0	93,6031713485718
220,0	93,5994501113892
230,0	93,7641324996948
240,0	93,7058010101318
250,0	93,757984161377
260,0	93,7502574920654
270,0	93,6784954071045
280,0	93,6973924636841
290,0	93,6886138916016
300,0	93,6444034576416
310,0	93,7308320999146
320,0	93,6572170257568
330,0	93,6709213256836
340,0	93,7783880233765
350,0	93,7207136154175
360,0	93,8530645370483
370,0	93,8219938278198
380,0	93,7203722000122
390,0	93,7842655181885
400,0	93,7449111938477
410,0	93,7693319320679
420,0	93,7297554016113
430,0	93,7207679748535
440,0	93,7145156860352
450,0	93,6902494430542
460,0	93,6280584335327
470,0	93,5797529220581
480,0	93,5517015457153
490,0	92,907865524292
500,0	93,5322914123535
510,0	93,611291885376
520,0	93,5960826873779
530,0	93,6737117767334
540,0	93,6641874313354
550,0	93,7453460693359
560,0	93,7685956954956
570,0	93,7128992080688
580,0	93,6938142776489
590,0	93,6942520141602
600,0	93,6798276901245
610,0	93,6798276901245
620,0	93,65101146698
630,0	93,6511259078979
640,0	93,627405166626
650,0	93,6219959259033
660,0	93,624418258667
670,0	93,6208667755127
680,0	93,6207342147827
690,0	93,6440620422363
700,0	93,5559120178223
710,0	93,6138849258423
720,0	93,6730546951294
730,0	93,6187744140625
740,0	93,6757411956787
750,0	93,6808929443359
760,0	93,6638765335083
770,0	93,603404045105
780,0	93,5544462203979
790,0	93,6456317901611
800,0	93,6205339431763
810,0	93,6069164276123
820,0	93,6212024688721
830,0	93,61057472229
840,0	93,5858631134033
850,0	93,5641984939575
860,0	93,5786371231079
870,0	93,5854959487915
880,0	93,5604763031006
890,0	93,5743722915649
900,0	93,5743722915649
910,0	93,5930633544922
920,0	93,5876417160034
930,0	93,6036396026611
940,0	93,6063995361328
950,0	93,6563806533813
960,0	93,5762958526611
970,0	93,5847845077515
980,0	93,5560874938965
990,0	93,5875120162964
1000,0	93,6405925750732
1100,0	93,5340881347656
1200,0	93,4368619918823
1300,0	93,4019508361816
1400,0	93,4797811508179
1500,0	93,4797811508179
1600,0	93,4797811508179
1700,0	93,4182891845703
1800,0	93,4151058197021
1900,0	93,3884010314941
2000,0	93,3751239776611
2100,0	93,3071975708008
2200,0	93,2901763916016
2300,0	93,3187198638916
2400,0	93,1384906768799
2500,0	93,2723112106323
2600,0	93,2539587020874
2700,0	93,3872137069702
2800,0	93,3895664215088
2900,0	93,3552551269531
3000,0	93,3940925598145
3100,0	93,3645362854004
3200,0	93,4066066741943
3300,0	93,3209209442139
3400,0	93,362998008728
3500,0	93,3560934066772
3600,0	93,6689472198486
3700,0	93,8784646987915
3800,0	92,7916603088379
3900,0	93,4299879074097
4000,0	92,8941631317139
4100,0	93,0608692169189
4200,0	93,2393531799316
4300,0	93,5352611541748
4400,0	93,5437726974487
4500,0	93,7426719665527
4600,0	93,88889503479
4700,0	93,11363697052
4800,0	93,4219675064087
4900,0	94,0254564285278
5000,0	94,3309726715088
5100,0	93,370509147644
5200,0	93,326530456543
5300,0	93,3702163696289
5400,0	93,4198179244995
5500,0	93,2564907073975
5600,0	93,2920808792114
5700,0	93,3036069869995
5800,0	92,817343711853
5900,0	93,3619213104248
6000,0	92,9554119110107
6100,0	93,4295797348022
6200,0	93,0292549133301
6300,0	93,6279697418213
6400,0	92,889591217041
6500,0	93,6500234603882
6600,0	93,192928314209
6700,0	93,7898120880127
6800,0	93,2391405105591
6900,0	93,2391405105591
7000,0	93,0012950897217
7100,0	92,9939575195313
7200,0	93,0829238891602
7300,0	93,2766704559326
7400,0	92,8965501785278
7500,0	92,6515560150146
7600,0	93,0668592453003
7700,0	92,966272354126
7800,0	92,900502204895
7900,0	92,2307844161987
8000,0	92,9034852981567
8100,0	92,3636493682861
8200,0	93,4531297683716
8300,0	92,6964931488037
8400,0	93,0373096466064
8500,0	92,6575422286987
8600,0	93,0839967727661
8700,0	92,1357078552246
8800,0	93,4206800460815
8900,0	92,6107139587402
9000,0	93,2803812026978
9100,0	92,2839593887329
9200,0	92,9152307510376
9300,0	92,1785459518433
9400,0	92,6425046920776
9500,0	92,0022802352905
9600,0	92,3124008178711
9700,0	91,6097164154053
9800,0	92,7088956832886
9900,0	92,1442623138428
10000,0	92,4781808853149
11000,0	92,2037754058838
12000,0	92,7325487136841
13000,0	93,1128082275391
14000,0	92,3070907592773
15000,0	92,3070907592773
16000,0	90,9822521209717
17000,0	91,1872177124023
18000,0	91,8774433135986
19000,0	91,8774433135986
20000,0	91,5433216094971
21000,0	91,6553773880005
22000,0	91,6553773880005
23000,0	91,193639755249
24000,0	88,9628372192383
25000,0	88,9628372192383
26000,0	88,5932464599609
27000,0	89,6434993743896
28000,0	89,6434993743896
29000,0	89,23952293396
30000,0	93,5353488922119
31000,0	89,0725421905518
32000,0	87,07985496521
33000,0	86,6150951385498
34000,0	87,9884815216064
35000,0	81,2862167358398
36000,0	79,3765506744385
37000,0	86,3617095947266
38000,0	82,862756729126
39000,0	78,292459487915
40000,0	83,2016620635986
