f [MHz]	U [dBuV]
800,0	58,2702941894531
802,0	92,4671812057495
804,0	92,9886703491211
806,0	93,2678050994873
808,0	93,0482845306396
810,0	92,7423210144043
812,0	92,6984872817993
814,0	92,9642601013184
816,0	93,0822610855103
818,0	93,0316982269287
820,0	93,0014867782593
822,0	93,0471858978271
824,0	92,9863862991333
826,0	92,8598670959473
828,0	92,8265962600708
830,0	92,9021425247192
832,0	92,9260425567627
834,0	92,8832607269287
836,0	92,7477779388428
838,0	92,6861352920532
840,0	92,8983812332153
842,0	92,888355255127
844,0	85,7574691772461
846,0	92,5537385940552
848,0	92,5664777755737
850,0	92,8331613540649
852,0	93,0807266235352
854,0	93,0220108032227
856,0	92,8190546035767
858,0	92,8466138839722
860,0	93,2120800018311
862,0	93,5538969039917
864,0	93,5690355300903
866,0	93,4483594894409
868,0	93,5064496994019
870,0	93,7040109634399
872,0	93,7810773849487
874,0	93,7585325241089
876,0	93,8757162094116
878,0	94,0660934448242
880,0	94,0783748626709
882,0	93,9101333618164
884,0	93,90980052948
886,0	94,1686735153198
888,0	94,2654037475586
890,0	94,0016174316406
892,0	93,6992998123169
894,0	65,8557472229004
896,0	93,8440217971802
898,0	93,6913747787476
900,0	93,4633951187134
902,0	93,3217287063599
904,0	93,2449731826782
906,0	93,1016159057617
908,0	93,0430498123169
910,0	93,1007556915283
912,0	92,9959087371826
914,0	92,6351261138916
916,0	92,4064159393311
918,0	92,6342525482178
920,0	92,9849948883057
922,0	92,871467590332
924,0	92,4988956451416
926,0	92,4408950805664
928,0	92,7394762039185
930,0	92,8188905715942
932,0	92,483642578125
934,0	92,2955627441406
936,0	92,4273910522461
938,0	92,5557708740234
940,0	92,2977771759033
942,0	92,1286487579346
944,0	92,3414583206177
946,0	92,6118278503418
948,0	92,4046068191528
950,0	92,1480684280396
952,0	92,1740570068359
954,0	92,7128028869629
956,0	92,9830951690674
958,0	92,6073770523071
960,0	92,2643890380859
962,0	92,3580570220947
964,0	92,7824335098267
966,0	93,0131244659424
968,0	92,7996063232422
970,0	92,5621309280396
972,0	92,6717615127563
974,0	93,0006999969482
976,0	93,1037921905518
978,0	92,9361619949341
980,0	92,8629455566406
982,0	93,0382404327393
984,0	93,161280632019
986,0	93,0366764068604
988,0	92,9176158905029
990,0	93,1069478988647
992,0	93,2681217193604
994,0	93,1158304214478
996,0	92,7996473312378
998,0	92,8601999282837
1000,0	93,1467533111572
1010,0	93,0725202560425
1020,0	93,0872983932495
1030,0	92,7217864990234
1040,0	92,5067186355591
1050,0	92,3005876541138
1060,0	92,3436756134033
1070,0	92,5100984573364
1080,0	92,8141231536865
1090,0	92,9277820587158
1100,0	92,7667036056519
1110,0	92,5795917510986
1120,0	92,2852840423584
1130,0	92,0409879684448
1140,0	91,7586374282837
1150,0	91,8429441452026
1160,0	92,0109853744507
1170,0	92,2908411026001
1180,0	92,6186780929565
1190,0	92,8944673538208
1200,0	92,7368202209473
1210,0	92,4670810699463
1220,0	92,4477624893188
1230,0	92,6432418823242
1240,0	92,630518913269
1250,0	92,6706953048706
1260,0	92,7606801986694
1270,0	92,7594757080078
1280,0	92,6031904220581
1290,0	92,5620546340942
1300,0	92,5540103912354
1310,0	92,5436058044434
1320,0	92,6665391921997
1330,0	92,7297887802124
1340,0	92,7967367172241
1350,0	92,6456031799316
1360,0	92,7125816345215
1370,0	92,7480964660645
1380,0	93,0302248001099
1390,0	93,2390327453613
1400,0	93,3183393478394
1410,0	93,3752822875977
1420,0	93,1900205612183
1430,0	92,9029493331909
1440,0	92,9050712585449
1450,0	92,8754444122314
1460,0	92,6196765899658
1470,0	92,3886861801147
1480,0	92,2695140838623
1490,0	91,8165102005005
1500,0	91,6709222793579
1510,0	91,5514755249023
1520,0	91,607367515564
1530,0	91,7316980361938
1540,0	91,6911525726318
1550,0	91,846266746521
1560,0	91,9851961135864
1570,0	92,4547863006592
1580,0	92,6801919937134
1590,0	92,7570238113403
1600,0	92,7801723480225
1610,0	92,7050790786743
1620,0	92,7755146026611
1630,0	92,5935707092285
1640,0	92,4925928115845
1650,0	92,5259037017822
1660,0	92,5524892807007
1670,0	92,4557886123657
1680,0	92,2262134552002
1690,0	92,0860939025879
1700,0	91,8831129074097
1710,0	91,9954042434692
1720,0	92,2874183654785
1730,0	92,3853435516357
1740,0	92,3373880386353
1750,0	92,2775506973267
1760,0	92,3032369613647
1770,0	92,3383903503418
1780,0	92,423849105835
1790,0	92,5701293945313
1800,0	92,9067840576172
1810,0	93,1145305633545
1820,0	92,9588718414307
1830,0	92,7592182159424
1840,0	92,5522165298462
1850,0	92,2705116271973
1860,0	92,046516418457
1870,0	92,0140466690063
1880,0	91,7923383712769
1890,0	91,5527400970459
1900,0	91,3195848464966
1910,0	91,0813646316528
1920,0	90,8175525665283
1930,0	90,6125812530518
1940,0	90,3617343902588
1950,0	89,9919490814209
1960,0	90,0557079315186
1970,0	89,9677295684814
1980,0	89,8065433502197
1990,0	89,8486442565918
2000,0	89,9774761199951
2010,0	89,8307113647461
2020,0	89,8679180145264
2030,0	89,861047744751
2040,0	89,8121356964111
2050,0	89,6643390655518
2060,0	89,5070610046387
2070,0	89,2814331054688
2080,0	89,0910758972168
2090,0	89,069206237793
2100,0	88,6549510955811
2110,0	88,574836730957
2120,0	88,5388469696045
2130,0	88,4105472564697
2140,0	88,3795394897461
2150,0	88,6314220428467
2160,0	88,7765197753906
2170,0	89,0256996154785
2180,0	89,1755065917969
2190,0	89,3253917694092
2200,0	89,4104595184326
2210,0	89,5360069274902
2220,0	89,7257919311523
2230,0	89,7286548614502
2240,0	89,9876079559326
2250,0	89,9453983306885
2260,0	89,9711437225342
2270,0	89,8707180023193
2280,0	89,6869316101074
2290,0	89,5604038238525
2300,0	89,3884162902832
2310,0	89,4199199676514
2320,0	89,1857242584229
2330,0	89,1515693664551
2340,0	89,1585311889648
2350,0	88,9828319549561
2360,0	88,7657413482666
2370,0	88,7138195037842
2380,0	88,7450141906738
2390,0	88,7856025695801
2400,0	88,9887771606445
2410,0	89,157506942749
2420,0	89,3802223205566
2430,0	89,3497066497803
2440,0	89,2622699737549
2450,0	88,9835300445557
2460,0	88,8510780334473
2470,0	88,7360935211182
2480,0	88,5923805236816
2490,0	88,4022884368896
2500,0	88,2169303894043
2510,0	88,3284091949463
2520,0	88,1617183685303
2530,0	87,8796138763428
2540,0	87,7722625732422
2550,0	87,6062030792236
2560,0	87,2402515411377
2570,0	87,0934371948242
2580,0	86,9117412567139
2590,0	86,8768062591553
2600,0	86,9482231140137
2610,0	86,9309864044189
2620,0	87,2383880615234
2630,0	87,5425395965576
2640,0	87,8034896850586
2650,0	88,0047550201416
2660,0	88,0562477111816
2670,0	87,9963188171387
2680,0	87,9673595428467
2690,0	88,0936164855957
2700,0	88,1353988647461
2710,0	88,156400680542
2720,0	88,0947818756104
2730,0	88,095287322998
2740,0	87,8595561981201
2750,0	87,7748947143555
2760,0	87,6458740234375
2770,0	87,4807872772217
2780,0	87,1680240631104
2790,0	87,1800022125244
2800,0	87,2767429351807
2810,0	87,3787422180176
2820,0	87,3811664581299
2830,0	87,3687343597412
2840,0	87,4915885925293
2850,0	87,5270004272461
2860,0	87,5081100463867
2870,0	87,4843940734863
2880,0	87,3790798187256
2890,0	87,3004531860352
2900,0	87,3255767822266
2910,0	87,2053966522217
2920,0	87,0648155212402
2930,0	86,7172546386719
2940,0	86,3560028076172
2950,0	86,0577335357666
2960,0	85,8677310943604
2970,0	85,4588584899902
2980,0	85,1071548461914
2990,0	85,0213088989258
3000,0	84,829252243042
3050,0	84,6777591705322
3100,0	85,3187675476074
3150,0	84,1503849029541
3200,0	83,6431827545166
3250,0	84,2666435241699
3300,0	84,8167018890381
3350,0	85,0353584289551
3400,0	83,9507961273193
3450,0	84,626106262207
3500,0	84,2962017059326
3550,0	85,4958438873291
3600,0	85,447925567627
3650,0	83,9641971588135
3700,0	83,9040031433105
3750,0	83,2361736297607
3800,0	83,9813747406006
3850,0	82,4616069793701
3900,0	81,5927677154541
3950,0	81,5252914428711
4000,0	82,2549266815186
4050,0	81,8498191833496
4100,0	82,0252723693848
4150,0	82,0883941650391
4200,0	82,4783706665039
4250,0	81,6655540466309
4300,0	81,9396190643311
4350,0	81,3723907470703
4400,0	82,151123046875
4450,0	81,5311622619629
4500,0	81,5582141876221
4550,0	82,0502433776855
4600,0	81,5843677520752
4650,0	81,5777778625488
4700,0	80,8447418212891
4750,0	81,3702812194824
4800,0	80,8248996734619
4850,0	81,2978401184082
4900,0	80,7227077484131
4950,0	80,7641582489014
5000,0	79,8737869262695
5050,0	79,5530204772949
5100,0	80,4503841400146
5150,0	79,904447555542
5200,0	80,407133102417
5250,0	80,3770599365234
5300,0	81,0007171630859
5350,0	80,3606414794922
5400,0	80,0210094451904
5450,0	79,7104167938232
5500,0	80,1322765350342
5550,0	79,7364101409912
5600,0	79,2114734649658
5650,0	79,033842086792
5700,0	79,7493782043457
5750,0	17,8006896972656
5800,0	78,7316970825195
5850,0	78,5001964569092
5900,0	78,0575561523438
5950,0	78,1976051330566
6000,0	77,8754634857178
6050,0	78,1561698913574
6100,0	78,0738372802734
6150,0	78,0900993347168
6200,0	77,9948139190674
6250,0	78,2443256378174
6300,0	77,8418140411377
6350,0	77,6512851715088
6400,0	77,9011688232422
6450,0	77,9382991790771
6500,0	76,4493808746338
6550,0	76,9498748779297
6600,0	76,0623397827148
6650,0	76,548641204834
6700,0	75,6996326446533
6750,0	75,5726337432861
6800,0	76,2285671234131
6850,0	76,0736389160156
6900,0	75,6571636199951
6950,0	75,5759963989258
7000,0	75,7079086303711
7050,0	75,5362033843994
7100,0	74,9540252685547
7150,0	75,1289196014404
7200,0	75,2334938049316
7250,0	74,7356147766113
7300,0	74,6435050964355
7350,0	74,4592170715332
7400,0	75,2778053283691
7450,0	74,3848495483398
7500,0	74,1135940551758
7550,0	75,0267734527588
7600,0	74,7081108093262
7650,0	74,8272857666016
7700,0	73,7535781860352
7750,0	74,0742797851563
7800,0	73,4158897399902
7850,0	73,262866973877
7900,0	72,8306922912598
7950,0	73,0779914855957
8000,0	73,3535537719727
8050,0	72,4292259216309
8100,0	72,6763229370117
8150,0	73,9370002746582
8200,0	73,1255874633789
8250,0	72,5560569763184
8300,0	73,0088272094727
8350,0	72,7151374816895
8400,0	73,3492584228516
8450,0	72,0193405151367
8500,0	72,0666084289551
8550,0	71,765697479248
8600,0	71,4657211303711
8650,0	70,1958656311035
8700,0	71,1356811523438
8750,0	71,6024398803711
8800,0	71,4017753601074
8850,0	70,8229446411133
8900,0	71,7066879272461
8950,0	72,1156616210938
9000,0	71,4134254455566
9050,0	71,2560958862305
9100,0	71,3989486694336
9150,0	72,0553817749023
9200,0	70,5784072875977
9250,0	70,8034248352051
9300,0	71,776668548584
9350,0	71,5035018920898
9400,0	70,474739074707
9450,0	70,7755813598633
9500,0	70,8171043395996
9550,0	71,1237106323242
9600,0	69,8470497131348
9650,0	70,1248016357422
9700,0	71,4161415100098
9750,0	71,4950637817383
9800,0	70,6755180358887
9850,0	70,7143173217773
9900,0	71,4176406860352
9950,0	71,2961502075195
10000,0	70,1960372924805
10050,0	70,669189453125
10100,0	17,9719161987305
10150,0	71,0054817199707
10200,0	70,0537528991699
10250,0	71,109920501709
10300,0	71,7025947570801
10350,0	71,116641998291
10400,0	70,9504699707031
10450,0	71,4019622802734
10500,0	71,5681076049805
10550,0	71,3766098022461
10600,0	70,6785011291504
10650,0	71,0310325622559
10700,0	18,9225540161133
10750,0	70,5631523132324
10800,0	70,4254188537598
10850,0	70,8557624816895
10900,0	70,6990509033203
10950,0	70,4765548706055
11000,0	70,4843597412109
11050,0	71,2247314453125
11100,0	70,783992767334
11150,0	70,3147277832031
11200,0	70,2089653015137
11250,0	70,5850143432617
11300,0	70,0835494995117
11350,0	69,4804840087891
11400,0	17,7070007324219
11450,0	70,3055725097656
11500,0	69,0282897949219
11550,0	69,4991836547852
11600,0	69,3172416687012
11650,0	70,3570747375488
11700,0	70,023006439209
11750,0	69,210563659668
11800,0	69,7893180847168
11850,0	69,9147071838379
11900,0	69,1631278991699
11950,0	68,2212333679199
12000,0	68,9354209899902
12050,0	69,9798698425293
12100,0	68,6091613769531
12150,0	68,4092864990234
12200,0	68,8223838806152
12250,0	69,6753311157227
12300,0	68,8672294616699
12350,0	19,9234313964844
12400,0	69,8051643371582
12450,0	69,7977561950684
12500,0	68,4453964233398
12550,0	68,4505233764648
12600,0	68,6545486450195
12650,0	68,5488586425781
12700,0	67,865177154541
12750,0	67,0985794067383
12800,0	68,1025238037109
12850,0	67,4668045043945
12900,0	67,5399436950684
12950,0	68,9968605041504
13000,0	68,9573669433594
13050,0	67,5338096618652
13100,0	68,1083946228027
13150,0	67,492561340332
13200,0	68,1129264831543
13250,0	67,0558891296387
13300,0	66,515811920166
13350,0	67,2557487487793
13400,0	66,9381523132324
13450,0	67,3368911743164
13500,0	66,3602981567383
13550,0	66,8245010375977
13600,0	66,9341583251953
13650,0	66,3210563659668
13700,0	65,3548049926758
13750,0	66,6601638793945
13800,0	65,8310050964355
13850,0	65,9864349365234
13900,0	64,7790260314941
13950,0	66,5589370727539
14000,0	65,3986511230469
14050,0	40,7583618164063
14100,0	65,6661033630371
14150,0	66,0631446838379
14200,0	66,4056816101074
14250,0	65,1033782958984
14300,0	66,1681709289551
14350,0	66,3379020690918
14400,0	65,9278602600098
14450,0	65,257152557373
14500,0	65,5952758789063
14550,0	65,9667358398438
14600,0	66,0281524658203
14650,0	64,3768081665039
14700,0	66,1487884521484
14750,0	65,9257011413574
14800,0	66,0118408203125
14850,0	18,7213516235352
14900,0	64,8810615539551
14950,0	66,5249061584473
15000,0	65,4377899169922
15050,0	65,1535034179688
15100,0	66,2514343261719
15150,0	66,2362747192383
15200,0	65,2156181335449
15250,0	65,8022994995117
15300,0	65,8507270812988
15350,0	66,9448585510254
15400,0	65,3200492858887
15450,0	65,9148559570313
15500,0	66,3360900878906
15550,0	66,6960372924805
15600,0	65,6377601623535
15650,0	65,9103775024414
15700,0	66,4342803955078
15750,0	65,9592247009277
15800,0	65,0667877197266
15850,0	65,8238830566406
15900,0	65,6495475769043
15950,0	65,1881942749023
16000,0	64,4866409301758
16050,0	65,1250343322754
16100,0	66,4666366577148
16150,0	64,3013916015625
16200,0	65,3323707580566
16250,0	64,9707489013672
16300,0	66,2519569396973
16350,0	64,357795715332
16400,0	65,0197486877441
16450,0	65,2267227172852
16500,0	65,3181266784668
16550,0	63,8237838745117
16600,0	64,0222320556641
16650,0	63,8528137207031
16700,0	64,2031097412109
16750,0	62,7360229492188
16800,0	63,315185546875
16850,0	64,0795402526855
16900,0	63,2970275878906
16950,0	63,2363815307617
17000,0	63,0535697937012
17050,0	64,2105445861816
17100,0	63,1345977783203
17150,0	63,424373626709
17200,0	63,1340408325195
17250,0	63,9778900146484
17300,0	62,1472930908203
17350,0	62,1356201171875
17400,0	62,2405471801758
17450,0	62,8685684204102
17500,0	61,7759437561035
17550,0	61,1939544677734
17600,0	61,7382774353027
17650,0	61,4366149902344
17700,0	59,9452934265137
17750,0	59,0340270996094
17800,0	59,0875930786133
17850,0	58,9210891723633
17900,0	57,7977714538574
17950,0	57,7662620544434
18000,0	59,1879386901855
