f [MHz]	U [dBuV]
800,0	93,2919769287109
802,0	115,486773490906
804,0	115,595639228821
806,0	115,836184501648
808,0	115,659495353699
810,0	115,236562728882
812,0	115,057053565979
814,0	115,247098922729
816,0	115,259255409241
818,0	115,066032409668
820,0	115,024172782898
822,0	115,189748764038
824,0	115,317080497742
826,0	115,387409210205
828,0	115,553545951843
830,0	115,75061416626
832,0	115,839328765869
834,0	115,969641685486
836,0	116,122703552246
838,0	116,222667694092
840,0	116,394389152527
842,0	116,422720909119
844,0	116,55389881134
846,0	116,607002258301
848,0	116,6139793396
850,0	116,7449426651
852,0	116,99921131134
854,0	117,111142158508
856,0	117,052074432373
858,0	117,074067115784
860,0	117,333294868469
862,0	117,535480499268
864,0	117,539546966553
866,0	117,536270141602
868,0	117,678983688354
870,0	117,825242042542
872,0	117,872250556946
874,0	117,888544082642
876,0	118,013226509094
878,0	118,066188812256
880,0	118,098985671997
882,0	118,090659141541
884,0	118,18971824646
886,0	118,259303092957
888,0	118,226744651794
890,0	118,195127487183
892,0	118,196992874146
894,0	118,292672157288
896,0	118,253705024719
898,0	118,203951835632
900,0	118,292802810669
902,0	118,387775421143
904,0	118,351314544678
906,0	118,304151535034
908,0	118,358817100525
910,0	118,502905845642
912,0	118,49072265625
914,0	118,393942832947
916,0	118,395797729492
918,0	118,545980453491
920,0	118,641557693481
922,0	118,595853805542
924,0	118,515322685242
926,0	118,586023330688
928,0	118,692861557007
930,0	118,692623138428
932,0	118,591987609863
934,0	118,617316246033
936,0	118,698104858398
938,0	118,758497238159
940,0	118,705783843994
942,0	118,687658309937
944,0	118,762189865112
946,0	118,792282104492
948,0	118,699388504028
950,0	118,716038703918
952,0	118,658960342407
954,0	118,809405326843
956,0	118,825770378113
958,0	118,722869873047
960,0	118,683917045593
962,0	118,743001937866
964,0	118,792279243469
966,0	118,805841445923
968,0	118,778284072876
970,0	118,75429058075
972,0	118,785717964172
974,0	118,802342414856
976,0	118,792999267578
978,0	118,788466453552
980,0	118,781123161316
982,0	118,789847373962
984,0	118,807066917419
986,0	118,786279678345
988,0	118,778594017029
990,0	118,839324951172
992,0	118,840352058411
994,0	118,832460403442
996,0	118,741424560547
998,0	118,734829902649
1000,0	118,767426490784
1010,0	118,77157497406
1020,0	118,785760879517
1030,0	118,72888469696
1040,0	118,729426383972
1050,0	118,66720199585
1060,0	118,620761871338
1070,0	118,535780906677
1080,0	118,509540557861
1090,0	118,520099639893
1100,0	118,494336128235
1110,0	118,486232757568
1120,0	118,50067615509
1130,0	118,451760292053
1140,0	118,234473228455
1150,0	118,289620399475
1160,0	118,386070251465
1170,0	118,378073692322
1180,0	118,352876663208
1190,0	118,366400718689
1200,0	118,351462364197
1210,0	118,362837791443
1220,0	118,313294410706
1230,0	118,299230575562
1240,0	118,304297447205
1250,0	118,284247398376
1260,0	118,262691497803
1270,0	118,245196342468
1280,0	118,231459617615
1290,0	118,276835441589
1300,0	118,273599624634
1310,0	118,25714302063
1320,0	118,24222278595
1330,0	118,243760108948
1340,0	118,22860622406
1350,0	118,231249809265
1360,0	118,2461977005
1370,0	118,212158203125
1380,0	118,265433311462
1390,0	118,277661323547
1400,0	118,237775802612
1410,0	118,26594543457
1420,0	118,244210243225
1430,0	118,188033103943
1440,0	118,182207107544
1450,0	118,160620689392
1460,0	118,112215995789
1470,0	118,091515541077
1480,0	118,186925888062
1490,0	118,056294441223
1500,0	118,059339523315
1510,0	118,02991771698
1520,0	118,029673576355
1530,0	117,983798027039
1540,0	118,01765537262
1550,0	118,045625686646
1560,0	117,990930557251
1570,0	117,993709564209
1580,0	117,971865653992
1590,0	117,922765731812
1600,0	117,897171974182
1610,0	117,911229133606
1620,0	117,848936080933
1630,0	117,820341110229
1640,0	117,847750663757
1650,0	117,840679168701
1660,0	117,825293540955
1670,0	117,789469718933
1680,0	117,824375152588
1690,0	117,749396324158
1700,0	117,760534286499
1710,0	117,77684879303
1720,0	117,812214851379
1730,0	117,734913825989
1740,0	117,702475547791
1750,0	117,682482719421
1760,0	117,724179267883
1770,0	117,735494613647
1780,0	117,690247535706
1790,0	117,707998275757
1800,0	117,700420379639
1810,0	117,690716743469
1820,0	117,601897239685
1830,0	117,624197006226
1840,0	117,596465110779
1850,0	117,573036193848
1860,0	117,582151412964
1870,0	117,593955039978
1880,0	117,539597511292
1890,0	117,57194519043
1900,0	117,571681976318
1910,0	117,555336952209
1920,0	117,572639465332
1930,0	117,470182418823
1940,0	117,305639266968
1950,0	117,193484306335
1960,0	117,364647865295
1970,0	117,361885070801
1980,0	117,27858543396
1990,0	117,305961608887
2000,0	117,287467002869
2010,0	117,225611686707
2020,0	117,324531555176
2030,0	117,315502166748
2040,0	117,31097984314
2050,0	117,261824607849
2060,0	117,191601753235
2070,0	117,163786888123
2080,0	117,133529663086
2090,0	117,135356903076
2100,0	117,073897361755
2110,0	117,070595741272
2120,0	117,060252189636
2130,0	117,040839195251
2140,0	117,010791778564
2150,0	117,00138759613
2160,0	117,00804233551
2170,0	116,95728302002
2180,0	116,874032974243
2190,0	116,988721847534
2200,0	117,009704589844
2210,0	116,934243202209
2220,0	117,032640457153
2230,0	117,031571388245
2240,0	117,02830696106
2250,0	116,999322891235
2260,0	117,014720916748
2270,0	116,952897071838
2280,0	116,838690757751
2290,0	116,837725639343
2300,0	116,715397834778
2310,0	116,707942008972
2320,0	116,704424858093
2330,0	116,723628044128
2340,0	116,80668258667
2350,0	116,814629554749
2360,0	116,702433586121
2370,0	116,677472114563
2380,0	116,682703018188
2390,0	116,651086807251
2400,0	116,612031936646
2410,0	116,619889259338
2420,0	116,637268066406
2430,0	116,515386581421
2440,0	116,55924987793
2450,0	116,51376914978
2460,0	116,56160736084
2470,0	116,578911781311
2480,0	116,608662605286
2490,0	116,643039703369
2500,0	116,606294631958
2510,0	116,630778312683
2520,0	116,529246330261
2530,0	116,435299873352
2540,0	116,475330352783
2550,0	116,483027458191
2560,0	116,468243598938
2570,0	116,609527587891
2580,0	116,544093132019
2590,0	116,542098999023
2600,0	116,573066711426
2610,0	116,483346939087
2620,0	116,493278503418
2630,0	116,436650276184
2640,0	116,452375411987
2650,0	116,445883750916
2660,0	116,449491500854
2670,0	116,437222480774
2680,0	116,373003005981
2690,0	116,371505737305
2700,0	116,353035926819
2710,0	116,329635620117
2720,0	116,247036933899
2730,0	116,118447303772
2740,0	116,136391639709
2750,0	116,079315185547
2760,0	116,087700843811
2770,0	116,060910224915
2780,0	115,979698181152
2790,0	116,017901420593
2800,0	116,028529167175
2810,0	115,958804130554
2820,0	115,909353256226
2830,0	115,914141654968
2840,0	115,913157463074
2850,0	115,886497497559
2860,0	115,891997337341
2870,0	115,958984375
2880,0	115,872582435608
2890,0	115,833658218384
2900,0	115,91782951355
2910,0	115,86053943634
2920,0	115,862166404724
2930,0	115,9132604599
2940,0	115,815062522888
2950,0	115,713108062744
2960,0	115,73548412323
2970,0	115,767060279846
2980,0	115,736206054688
2990,0	115,697901725769
3000,0	115,662660598755
3050,0	115,665260314941
3100,0	115,601155281067
3150,0	115,406142234802
3200,0	115,29674911499
3250,0	115,147680282593
3300,0	115,060762405396
3350,0	114,921979427338
3400,0	114,87545633316
3450,0	114,773288249969
3500,0	114,750324249268
3550,0	114,771690368652
3600,0	115,345067024231
3650,0	115,175709724426
3700,0	114,224049091339
3750,0	113,86971282959
3800,0	114,268710613251
3850,0	114,147598743439
3900,0	113,453182697296
3950,0	113,307347774506
4000,0	113,495324134827
4050,0	113,601201534271
4100,0	113,389263629913
4150,0	113,715161800385
4200,0	113,87066411972
4250,0	114,032287597656
4300,0	113,751334190369
4350,0	114,062918186188
4400,0	114,492279052734
4450,0	114,073370456696
4500,0	114,249385356903
4550,0	114,367184638977
4600,0	114,322751522064
4650,0	113,458328723907
4700,0	113,46128988266
4750,0	113,510245323181
4800,0	113,816668510437
4850,0	113,96689414978
4900,0	113,831928730011
4950,0	113,743052482605
5000,0	113,072311401367
5050,0	112,428906917572
5100,0	112,504306793213
5150,0	112,124374389648
5200,0	111,917585372925
5250,0	111,81526184082
5300,0	111,955456733704
5350,0	111,858705043793
5400,0	111,56823682785
5450,0	111,421998023987
5500,0	111,893737316132
5550,0	111,648415088654
5600,0	111,211469173431
5650,0	111,327361106873
5700,0	111,6021733284
5750,0	110,788690090179
5800,0	110,844216346741
5850,0	110,706165552139
5900,0	110,544843912125
5950,0	110,307357549667
6000,0	110,840958356857
6050,0	110,991461992264
6100,0	111,188151359558
6150,0	110,738883972168
6200,0	110,447813987732
6250,0	110,883558988571
6300,0	110,444119691849
6350,0	109,980632781982
6400,0	110,504540681839
6450,0	110,688539266586
6500,0	110,060586214066
6550,0	109,785676002502
6600,0	109,953796863556
6650,0	109,912281513214
6700,0	109,653047323227
6750,0	109,547638177872
6800,0	109,613114833832
6850,0	109,848000526428
6900,0	109,070505142212
6950,0	108,985713720322
7000,0	109,487984657288
7050,0	108,735036730766
7100,0	108,666551113129
7150,0	108,274269223213
7200,0	108,234067678452
7250,0	107,778746306896
7300,0	106,977922573686
7350,0	107,424009203911
7400,0	107,538523495197
7450,0	107,239983275533
7500,0	107,073501884937
7550,0	107,387995868921
7600,0	107,742674410343
7650,0	107,016833830625
7700,0	106,724049240351
7750,0	106,586499392986
7800,0	106,355810642242
7850,0	106,125864565372
7900,0	105,186675190926
7950,0	106,012131810188
8000,0	105,953252673149
8050,0	105,133009195328
8100,0	105,575897216797
8150,0	105,878860592842
8200,0	105,828123450279
8250,0	104,934572696686
8300,0	105,304828047752
8350,0	105,232476234436
8400,0	105,50646841526
8450,0	104,793082714081
8500,0	104,776296377182
8550,0	104,842876434326
8600,0	104,825714588165
8650,0	103,675848960876
8700,0	104,17090845108
8750,0	104,75003361702
8800,0	104,298035621643
8850,0	104,083021640778
8900,0	104,703261613846
8950,0	105,425652384758
9000,0	104,445152521133
9050,0	104,442725658417
9100,0	104,680315732956
9150,0	104,626836061478
9200,0	103,774329185486
9250,0	103,330523252487
9300,0	104,152585268021
9350,0	104,145815610886
9400,0	103,058737277985
9450,0	103,217259168625
9500,0	103,192985534668
9550,0	103,395038366318
9600,0	102,19441986084
9650,0	102,34693479538
9700,0	103,470886468887
9750,0	103,775141239166
9800,0	102,866264820099
9850,0	102,974724292755
9900,0	103,932889699936
9950,0	103,831503868103
10000,0	102,278409481049
10050,0	103,146445035934
10100,0	103,2630007267
10150,0	102,936698436737
10200,0	102,136604785919
10250,0	102,950803279877
10300,0	103,556574821472
10350,0	102,853795528412
10400,0	102,710211277008
10450,0	102,958943367004
10500,0	103,457066774368
10550,0	103,052232503891
10600,0	102,538901805878
10650,0	102,914280414581
10700,0	103,116573095322
10750,0	102,572037696838
10800,0	102,57753944397
10850,0	102,667801856995
10900,0	103,403691291809
10950,0	102,619627952576
11000,0	102,852808475494
11050,0	103,446716308594
11100,0	102,793557167053
11150,0	102,655740261078
11200,0	102,028267383575
11250,0	102,772071838379
11300,0	102,54076385498
11350,0	101,60644865036
11400,0	101,899755477905
11450,0	102,316260814667
11500,0	101,908486843109
11550,0	101,46052646637
11600,0	101,366881370544
11650,0	102,784536838531
11700,0	101,681836605072
11750,0	101,478954792023
11800,0	101,92730474472
11850,0	102,035010814667
11900,0	101,481706619263
11950,0	99,968496799469
12000,0	101,156383991241
12050,0	101,396863937378
12100,0	100,036933422089
12150,0	99,8946976661682
12200,0	100,297181129456
12250,0	101,183023929596
12300,0	100,702453613281
12350,0	100,451271057129
12400,0	101,048329353333
12450,0	101,199212551117
12500,0	100,185800075531
12550,0	99,8127069473267
12600,0	100,031616210938
12650,0	100,369914054871
12700,0	99,3040075302124
12750,0	99,2064800262451
12800,0	99,6534285545349
12850,0	99,9089217185974
12900,0	98,8079261779785
12950,0	99,7655649185181
13000,0	99,9474511146545
13050,0	99,8346037864685
13100,0	99,027642250061
13150,0	99,2756071090698
13200,0	99,4604992866516
13250,0	98,4550580978394
13300,0	98,5209722518921
13350,0	98,6595783233643
13400,0	98,8618803024292
13450,0	98,8728771209717
13500,0	98,3408479690552
13550,0	98,2917194366455
13600,0	94,0346784591675
13650,0	97,6840229034424
13700,0	97,9072132110596
13750,0	98,5648460388184
13800,0	98,9185724258423
13850,0	98,6094884872437
13900,0	98,1100969314575
13950,0	99,517560005188
14000,0	87,3960609436035
14050,0	98,0574703216553
14100,0	98,1639642715454
14150,0	98,5442609786987
14200,0	99,4128360748291
14250,0	98,0832233428955
14300,0	99,2537031173706
14350,0	99,5303182601929
14400,0	98,5267715454102
14450,0	98,1764879226685
14500,0	97,8305940628052
14550,0	98,8756103515625
14600,0	98,8333511352539
14650,0	97,9320611953735
14700,0	99,2636194229126
14750,0	100,028445720673
14800,0	99,2510633468628
14850,0	98,6100912094116
14900,0	97,778618812561
14950,0	100,023489952087
15000,0	98,6752586364746
15050,0	98,2237501144409
15100,0	99,8768291473389
15150,0	99,2917256355286
15200,0	98,8714714050293
15250,0	99,130030632019
15300,0	99,1804394721985
15350,0	100,048389911652
15400,0	98,6896715164185
15450,0	98,97447681427
15500,0	99,7919125556946
15550,0	99,7589926719666
15600,0	99,3956809043884
15650,0	98,7654809951782
15700,0	100,197479724884
15750,0	99,6994428634644
15800,0	98,4696350097656
15850,0	99,795548915863
15900,0	99,7201590538025
15950,0	98,8792877197266
16000,0	98,6610050201416
16050,0	98,9165859222412
16100,0	99,8177900314331
16150,0	98,5220499038696
16200,0	98,4818725585938
16250,0	99,5471420288086
16300,0	99,4727735519409
16350,0	98,7850770950317
16400,0	98,3534822463989
16450,0	99,2123465538025
16500,0	99,2414889335632
16550,0	97,4414615631104
16600,0	98,3614158630371
16650,0	98,4556007385254
16700,0	98,4503526687622
16750,0	98,1535034179688
16800,0	97,8312616348267
16850,0	99,2142219543457
16900,0	98,5132932662964
16950,0	98,2202577590942
17000,0	98,4748334884644
17050,0	99,3349170684814
17100,0	98,8323926925659
17150,0	98,8590068817139
17200,0	98,8627004623413
17250,0	99,5563454627991
17300,0	98,0163898468018
17350,0	97,2398023605347
17400,0	98,5022926330566
17450,0	97,8561143875122
17500,0	97,9030389785767
17550,0	96,8897867202759
17600,0	97,2214918136597
17650,0	97,1438550949097
17700,0	95,0123357772827
17750,0	94,3487100601196
17800,0	94,0771570205688
17850,0	93,6446447372437
17900,0	92,9785823822021
17950,0	92,5551872253418
18000,0	94,0243463516235
